16.325321 0.000000000 0.000000000 0.000000000 -0.000000000 -0.000000000 -0.000000000 1.000000000
19.675319 0.006726323 -0.230390817 -0.042878479 0.013957052 0.011931204 0.012933690 0.999747753
19.725319 -0.000704606 -0.251606315 -0.059422459 0.015217646 0.017346909 0.008367506 0.999698699
20.125319 -0.020283034 -0.375703722 -0.191181049 0.013191775 0.051453568 -0.005281034 0.998574317
22.375319 0.116719566 -0.495755434 -0.706766963 -0.039102089 0.036433138 0.000297856 0.998570800
23.925318 0.261201501 -0.452259004 -0.562184393 -0.018415319 -0.127581030 0.014320022 0.991553783
24.475318 0.142116830 -0.452522665 -0.571451128 -0.025564590 -0.264266193 0.011702492 0.964039922
25.025318 -0.035807952 -0.450246930 -0.511548042 -0.007974708 -0.446973354 0.025174985 0.894157410
25.325318 -0.072528511 -0.461049169 -0.549855173 -0.003741581 -0.524318218 0.028787907 0.851027489
25.725318 -0.076581240 -0.459972531 -0.639051557 -0.008682178 -0.615964234 0.041674439 0.786623120
26.025318 -0.038415730 -0.452089429 -0.711662352 -0.015627174 -0.685536087 0.038313787 0.726861894
26.475318 0.032358527 -0.473445266 -0.813431025 -0.008719839 -0.791110575 0.038997114 0.610366523
26.825318 0.058316708 -0.482182413 -0.888969302 -0.000479595 -0.868567109 0.052353155 0.492798179
27.175318 0.117037892 -0.491161674 -0.971482813 0.013786872 -0.928314328 0.045292567 0.368769646
27.375318 0.188529134 -0.492317796 -1.029143810 0.009995144 -0.952830315 0.043390006 0.300219744
27.625317 0.320484638 -0.488253295 -1.098052144 0.008910000 -0.974612594 0.044675827 0.219214514
27.925318 0.445602894 -0.488201976 -1.108390808 0.003460319 -0.991506100 0.049296159 0.120306604
28.225317 0.613037169 -0.480342388 -1.099761367 0.005116513 -0.998943508 0.045372639 0.005199191
28.425317 0.726589799 -0.489368409 -1.080991387 -0.004976285 0.996253014 -0.043509126 0.074579686
28.525317 0.749426663 -0.496945888 -1.085511684 -0.002447123 0.991582513 -0.039937861 0.123138636
28.575317 0.774821281 -0.500648081 -1.079731703 -0.002337345 0.988850534 -0.038411245 0.143853366
28.775317 0.850650191 -0.489611447 -1.078897715 0.000782710 0.972146153 -0.042812377 0.230430946
29.125317 0.967595637 -0.484819174 -1.016194105 -0.005326949 0.921942055 -0.051911186 0.383796513
29.675317 1.044425488 -0.490322351 -0.843402028 -0.002885387 0.841079414 -0.056664050 0.537927806
30.125317 1.030078769 -0.459775984 -0.683796227 -0.006327615 0.763310909 -0.038506679 0.644851625
30.425317 1.015784025 -0.438217044 -0.573792160 -0.004987704 0.690521419 -0.028314160 0.722740293
30.825317 1.023628116 -0.435869902 -0.476800203 -0.005556080 0.591650188 -0.028703345 0.805664539
31.225317 1.004500747 -0.453183949 -0.417565018 -0.012873873 0.474446625 -0.027430106 0.879762590
31.575316 0.932740808 -0.448078930 -0.348392516 -0.012460619 0.384608120 -0.010328302 0.922938108
32.025316 0.772410214 -0.439419240 -0.228758276 -0.009715979 0.270987213 0.008673954 0.962494850
32.525316 0.579584420 -0.434256107 -0.095794819 -0.010083018 0.106490649 0.013337679 0.994173110
33.075316 0.465951711 -0.446973175 -0.036024280 -0.010272797 -0.051185369 0.012607234 0.998556793
33.575316 0.394862086 -0.446146607 -0.092922926 -0.008081861 -0.161790729 0.027475066 0.986409426
34.175316 0.322513640 -0.459766001 -0.134570867 -0.013272772 -0.304170072 0.032709152 0.951963544
34.675316 0.217361450 -0.457362205 -0.200711429 -0.007234984 -0.432636321 0.033281341 0.900924981
35.125316 0.124515951 -0.498364568 -0.405515075 -0.011922947 -0.537172019 0.051075708 0.841840446
35.425315 0.085368544 -0.504783750 -0.537070096 -0.012617502 -0.601637423 0.058093932 0.796554029
36.525315 0.034556508 -0.497895449 -0.901674747 -0.005575563 -0.818024933 0.056158964 0.572407484
37.275315 0.111181021 -0.508996964 -1.154843450 -0.011124589 -0.925057530 0.052269373 0.376048952
38.175315 0.412517190 -0.509176254 -1.348435402 -0.029076084 -0.993902326 0.042229466 0.097619034
38.425315 0.489616811 -0.510012925 -1.382750392 -0.018719433 -0.999011278 0.039769381 0.006670762
38.625315 0.550117910 -0.509421349 -1.391109109 0.010339674 0.997642994 -0.044133473 0.051515672
38.725314 0.563649535 -0.508944571 -1.387581825 0.011594525 0.995794415 -0.042370025 0.080397807
38.775315 0.592991292 -0.524857819 -1.386463881 0.011644763 0.995274067 -0.038322765 0.088461019
40.525314 1.031399965 -0.478813231 -0.933517039 0.011274632 0.796614945 -0.012685117 0.604248822
40.975314 1.047392249 -0.451366752 -0.776947796 0.014431993 0.699240983 -0.001927981 0.714737773
42.225314 0.846977413 -0.425316989 -0.415410936 0.016589465 0.369359255 0.057054870 0.927385211
43.025314 0.682558775 -0.380251229 -0.182825893 0.000722601 0.207984418 0.074595183 0.975283325
43.725313 0.552760541 -0.385766596 0.079754621 0.010480261 0.198250085 0.082567401 0.976611316
44.225313 0.475658715 -0.358543634 0.299498796 0.011987235 0.206052318 0.048071444 0.977285981
44.825314 0.437026203 -0.368229181 0.648832381 0.016905475 0.176364735 0.035370179 0.983543932
45.275313 0.355326205 -0.348417461 0.878687441 0.005812410 0.153870359 0.058774710 0.986324310
45.725313 0.198452964 -0.340615213 1.079710245 -0.001589039 0.058914766 0.053833317 0.996809185
46.075313 0.097098976 -0.344935447 1.141785264 0.005366241 -0.046841517 0.062035821 0.996959746
46.275313 0.074548572 -0.343408346 1.166702509 0.007211242 -0.135982677 0.070004456 0.988208532
46.475313 0.045475632 -0.331306100 1.188529611 0.002080377 -0.226469412 0.063742742 0.971928060
46.725312 0.002503157 -0.320675343 1.185649157 -0.007430393 -0.343857527 0.047195695 0.937805593
47.275312 0.087721109 -0.368314326 1.488564253 -0.025595807 -0.626626730 0.064142957 0.776253581
47.725312 -0.092118621 -0.370562315 1.374682784 -0.027411023 -0.747217417 0.052338168 0.661948264
47.925312 -0.116966724 -0.372959495 1.286007643 -0.024213251 -0.811538696 0.039107665 0.582485437
48.175312 -0.090143800 -0.379022062 1.244512320 -0.024415964 -0.881547451 0.030218178 0.470494360
48.525312 -0.080154777 -0.351401955 1.232619882 -0.034719169 -0.926165402 0.025078541 0.374677718
49.075312 -0.267333746 -0.374063909 1.273472071 -0.010212838 -0.931097925 0.039038125 0.362530500
49.325312 -0.361604333 -0.373520762 1.299115300 -0.009093697 -0.934842348 0.033918083 0.353322268
49.575312 -0.449592113 -0.372930437 1.338095188 -0.002801943 -0.945940197 0.036534917 0.322264701
49.775312 -0.533814907 -0.361258030 1.387182236 0.008386819 -0.951266587 0.024940569 0.307244986
49.975312 -0.620460510 -0.355462372 1.428187370 0.013143373 -0.951653242 0.016658355 0.306440651
50.175312 -0.703361392 -0.348009139 1.447505832 -0.000009878 -0.950450778 0.018429788 0.310328454
50.425312 -0.820831776 -0.346779615 1.434217453 0.002774935 -0.946731865 0.021509765 0.321291745
50.675312 -0.948789835 -0.364281267 1.402534962 0.009916349 -0.939318776 0.019455863 0.342349857
50.875312 -1.054600477 -0.366514057 1.371423244 0.007563038 -0.943767250 0.023890425 0.329659581
51.075312 -1.166855216 -0.354898602 1.329361916 0.003392444 -0.954273224 0.020691099 0.298199534
51.275312 -1.275956154 -0.347229362 1.282305598 0.011191882 -0.965059936 0.019432582 0.261067837
51.475312 -1.380641937 -0.339846760 1.246167183 0.008127193 -0.972646534 0.008018059 0.232009396
51.625311 -1.451354265 -0.338534772 1.222429752 0.006165280 -0.974718690 0.006844809 0.223245680
51.775311 -1.514075041 -0.334931225 1.193456411 0.000840789 -0.976622403 0.005179398 0.214898080
52.075311 -1.636665106 -0.328113407 1.112363100 0.004643911 -0.976074159 0.009566061 0.217177808
52.425311 -1.803873539 -0.327188134 1.015826583 0.012711341 -0.957383573 0.009850959 0.288371563
52.725311 -1.923904657 -0.324611068 0.972268462 0.000930300 -0.924378276 0.017123988 0.381091475
54.025311 -1.842219353 -0.320118934 0.835232973 -0.008490217 -0.886957049 0.017080434 0.461457878
54.425311 -1.684291601 -0.323649347 0.794281483 -0.015149128 -0.863060415 0.011344671 0.504746020
55.175310 -1.716074467 -0.315977424 0.751401305 -0.017155275 -0.793107808 -0.000105695 0.608839631
55.675310 -1.961645722 -0.328207016 0.679126978 -0.058224238 -0.734175324 0.002637106 0.676453710
55.925310 -2.102974415 -0.330712885 0.663738370 -0.056687810 -0.679627061 0.004968515 0.731347322
56.325311 -2.284561634 -0.337982178 0.667194009 -0.052496206 -0.581240416 0.010272492 0.811971843
56.875310 -2.498465538 -0.350853354 0.747157633 -0.091368467 -0.434705347 0.052642744 0.894377887
57.225310 -2.586417913 -0.351050436 0.869543195 -0.113401026 -0.330652326 0.067089602 0.934509635
57.775310 -2.621359348 -0.308570683 1.058967829 -0.138599575 -0.221959606 0.074118167 0.962304890
58.725309 -2.588707924 -0.371859670 0.874611497 -0.099594660 -0.538493335 0.048811745 0.835298300
59.025310 -2.555205345 -0.373398453 0.799159765 -0.084946685 -0.665848672 0.029773936 0.740637064
59.225310 -2.515748024 -0.365271270 0.748833656 -0.073180892 -0.737311900 0.015745234 0.671392441
59.325310 -2.492263317 -0.364451766 0.729220629 -0.068553038 -0.762781978 0.011447996 0.642909825
59.475310 -2.458691120 -0.363267481 0.700809717 -0.063998953 -0.795913160 0.006301706 0.601985633
59.575310 -2.426769733 -0.365381956 0.681896210 -0.050613973 -0.816745222 0.000472054 0.574774146
59.775309 -2.353884697 -0.368261188 0.653342009 -0.039461229 -0.844112873 -0.005404620 0.534684002
59.925309 -2.285768747 -0.376351535 0.652921200 -0.036223318 -0.858672440 -0.004978955 0.511218905
60.075310 -2.206052780 -0.377896607 0.657052279 -0.024153614 -0.881139576 -0.007031765 0.472186655
60.225309 -2.113317490 -0.388072640 0.662955642 -0.014046218 -0.907241225 -0.010210694 0.420252174
60.425309 -1.998051882 -0.392672062 0.686012626 -0.015316246 -0.923831701 -0.010834560 0.382339001
60.675309 -1.909123540 -0.396679640 0.753557324 -0.035966974 -0.925811350 -0.008966351 0.376164109
61.425309 -1.834435463 -0.320551813 1.029628754 -0.037862703 -0.915982604 -0.012444178 0.399233550
61.925309 -1.697604418 -0.288645059 1.134518266 -0.055070288 -0.910474837 -0.031684417 0.408655077
62.525309 -1.388782501 -0.294254333 1.117846012 -0.052996777 -0.949958384 -0.031152818 0.306267649
62.775309 -1.273496866 -0.303553522 1.113391638 -0.048931841 -0.970862031 -0.021553878 0.233598128
62.925309 -1.210091472 -0.302055955 1.124516249 -0.053751368 -0.977262378 -0.019524602 0.204176039
63.075309 -1.138525844 -0.306043327 1.132203937 -0.041901495 -0.983641207 -0.020070881 0.174044222
63.225309 -1.056157589 -0.310744107 1.137724876 -0.031634748 -0.989388525 -0.018021330 0.140658543
63.325309 -0.997144699 -0.314880967 1.141606092 -0.026577475 -0.992867708 -0.014410660 0.115324430
63.525309 -0.866163015 -0.330627739 1.162671685 -0.028341334 -0.996749163 -0.007385761 0.075055897
63.675308 -0.753730953 -0.342868179 1.191466689 -0.032539163 -0.998255491 -0.002350616 0.049211305
63.725308 -0.719011962 -0.343791425 1.199616790 -0.032139380 -0.998681724 -0.001761409 0.039984979
63.875308 -0.608893871 -0.346317291 1.225715041 -0.033716250 -0.999402344 0.001244664 0.007524333
64.025308 -0.504296422 -0.340489805 1.251195669 0.042216264 0.998732030 0.005529234 0.026861610
64.075308 -0.477158219 -0.338110685 1.249324679 0.042901363 0.998135984 0.009042971 0.042453852
64.225308 -0.400042325 -0.336518079 1.251165867 0.036216211 0.994482875 0.009597006 0.097980551
64.325309 -0.353929520 -0.346366346 1.250856400 0.029618710 0.989749253 0.010665938 0.139303267
64.425308 -0.294972926 -0.340053737 1.247304916 0.028205132 0.983322859 0.015903389 0.178963080
64.625308 -0.212295830 -0.342499942 1.252460480 0.025271561 0.964245558 0.030862307 0.261991203
64.875308 -0.089247346 -0.328756094 1.279243469 0.017339211 0.934364378 0.043025047 0.353286564
65.425308 0.137056231 -0.337098986 1.280896425 -0.016254952 0.874975443 0.032077923 0.482829928
65.975308 0.194320202 -0.321665436 1.398132443 -0.026150512 0.806495845 0.029069571 0.589945495
66.375308 0.133318543 -0.308710247 1.558573484 -0.027806163 0.758770227 0.045538101 0.649169445
66.625308 0.086367965 -0.308449000 1.686885118 -0.032821726 0.705834508 0.051744089 0.705721617
66.875308 0.046341777 -0.299809694 1.800837994 -0.044219449 0.647698402 0.058739237 0.758341014
67.125307 0.007566690 -0.279053241 1.909492493 -0.059905503 0.589196980 0.064539574 0.803176761
67.375308 -0.037082314 -0.254599661 2.017003775 -0.078891285 0.547216952 0.062444352 0.830921531
67.825308 -0.131253660 -0.225251257 2.169851780 -0.108090974 0.474086523 0.057456385 0.871927202
68.425307 -0.201933384 -0.250914633 2.262497425 -0.103342414 0.425558180 0.042454988 0.898007870
68.775307 -0.189612687 -0.357421577 2.286989450 -0.050495148 0.426849842 0.015411300 0.902780175
69.075307 -0.183182001 -0.475409448 2.302477837 -0.013964197 0.418373913 -0.013708738 0.908064067
69.325307 -0.170736849 -0.620798588 2.300318480 -0.002042655 0.440597922 -0.027020721 0.897295475
69.925307 -0.139598131 -0.819842160 2.297605038 0.000816579 0.452213138 -0.012038454 0.891828299
70.625307 -0.045330942 -0.849395454 2.170758724 -0.004465375 0.494979560 -0.008583884 0.868850768
70.975307 0.045231223 -0.844211817 2.044483423 -0.016446559 0.553920746 -0.020292345 0.832159579
71.275306 0.112646461 -0.845414162 1.913475990 -0.027214833 0.597327173 -0.032652557 0.800870419
71.525307 0.168869257 -0.850187123 1.781622648 -0.023966614 0.632019699 -0.033585615 0.773853242
71.825307 0.222921133 -0.861847281 1.626121044 -0.017683106 0.660435021 -0.037791643 0.749723077
72.125306 0.271293759 -0.865559459 1.455171943 -0.033671867 0.696954846 -0.048855424 0.714656055
72.575306 0.307527781 -0.863927722 1.228417635 -0.019832807 0.747699380 -0.043898925 0.662287951
73.225306 0.371147752 -0.702293932 1.089805245 -0.027409185 0.744222879 -0.026433377 0.666845083
73.575306 0.395395398 -0.548894346 1.078311324 -0.033717223 0.734946728 -0.002576086 0.677281201
74.075306 0.363063455 -0.389323354 1.051331639 -0.049836304 0.730030417 0.041082624 0.680355906
74.475306 0.320916593 -0.243646458 1.045386314 -0.072442643 0.725086391 0.075991966 0.680607855
74.825306 0.275618911 -0.137732387 1.035425663 -0.101886086 0.734405339 0.096951030 0.663979352
75.225305 0.213260055 -0.005221128 1.015226364 -0.130414516 0.733438611 0.147288218 0.650665879
75.475306 0.177429914 0.067822605 0.996843636 -0.148575053 0.735134602 0.171835884 0.638729215
76.075305 0.147868454 0.079704925 1.126073241 -0.140493020 0.693027914 0.138968110 0.693297863
76.325306 0.112016916 0.066304266 1.238289118 -0.134596035 0.639285266 0.116653107 0.748057723
76.625305 0.053791046 0.018688366 1.314865708 -0.124011323 0.588813305 0.102183543 0.792135477
77.475305 -0.076313019 -0.201954424 1.312946081 -0.121776596 0.578355014 0.055939414 0.804702938
78.375305 -0.048895836 -0.265973568 1.515786052 -0.076509967 0.472197950 0.026300995 0.877771914
81.725304 0.248250365 -0.328886181 0.959026575 -0.020111406 0.820856631 0.024775598 0.570242167
82.225304 0.347850263 -0.366876513 0.786110520 -0.007629032 0.882981956 0.003241611 0.469333768
82.875304 0.411739767 -0.370563149 0.439591676 -0.012295766 0.887948334 0.013537170 0.459579557
83.625303 0.555494785 -0.388378948 0.128655910 -0.010471974 0.811783910 0.019794570 0.583528459
84.225303 0.629823327 -0.405323088 -0.157991171 -0.005957754 0.735807359 0.017148007 0.676947594
84.675303 0.647023797 -0.429712534 -0.406922191 -0.020648206 0.656050265 0.020585723 0.754153848
85.425303 0.716535807 -0.493288040 -0.812667906 -0.029950127 0.608499289 0.016739901 0.792812347
86.175303 0.842372477 -0.501017690 -1.213958263 -0.025432283 0.562353015 0.027031664 0.826063931
86.825303 1.016516447 -0.494423032 -1.446704626 -0.016861606 0.562837064 0.016146161 0.826238096
87.275303 1.158046961 -0.508960128 -1.546651840 -0.014312957 0.615955412 0.002632525 0.787646532
87.725302 1.197254300 -0.512359917 -1.643891335 -0.007096936 0.710480154 -0.027226366 0.703154564
88.275302 1.133270860 -0.521716952 -1.772854686 -0.017932635 0.823475599 -0.025406392 0.566498816
91.525301 0.639853179 -0.396997809 -1.367652535 -0.023391085 0.920753598 0.033005446 0.388041645
91.975302 0.687856495 -0.409219891 -1.147548914 -0.017689776 0.980153978 0.006149627 0.197351173
92.175302 0.654808700 -0.411152214 -1.144639254 -0.021214435 0.990550935 -0.007450836 0.135289609
92.225301 0.647180557 -0.411052227 -1.140954614 -0.019226819 0.992860258 -0.011008852 0.117207922
92.325302 0.618014455 -0.403754830 -1.133975387 -0.013679333 0.996111989 -0.018842004 0.084963560
92.575301 0.546635926 -0.399325639 -1.108567715 -0.006646749 0.999567628 -0.026348023 0.011233786
93.075301 0.416387320 -0.406174213 -1.087469697 0.002967795 -0.990143478 0.019718941 0.138630211
94.125301 0.273845077 -0.446700513 -1.015052557 -0.013567972 -0.919085503 0.038376022 0.391950339
96.275300 0.728230834 -0.471091866 -0.488087177 -0.007430147 -0.385636955 0.040025000 0.921752155
99.275300 0.357044846 -0.466702163 -0.735481918 -0.001490241 -0.094436012 0.066474691 0.993308008
100.175299 -0.066751517 -0.477613240 -0.848961830 -0.000278296 -0.144933477 0.066703215 0.987190425
100.775299 -0.392011911 -0.480584741 -1.039930344 -0.006384424 -0.143011495 0.049800381 0.988446712
101.225299 -0.680889070 -0.462694943 -1.227434278 -0.000934851 -0.146356195 0.037372086 0.988525331
101.425299 -0.768878579 -0.453981340 -1.267913222 -0.001176552 -0.155210003 0.031564802 0.987376392
101.575299 -0.838938475 -0.447100937 -1.292461514 -0.005640862 -0.153177857 0.038956352 0.987414420
101.625299 -0.865375698 -0.442774981 -1.300250411 -0.007917058 -0.152186528 0.041020401 0.987468421
101.775299 -0.941714942 -0.448570043 -1.328551292 -0.006009937 -0.142831191 0.042539563 0.988814235
101.925299 -1.012401223 -0.465635926 -1.357355356 -0.001892409 -0.139312729 0.056079119 0.988657475
101.975299 -1.033526421 -0.470366389 -1.368233085 -0.002157197 -0.142999306 0.059884593 0.987907112
102.075299 -1.077190876 -0.484520167 -1.388040543 0.003330828 -0.150618166 0.058694992 0.986842453
102.325299 -1.161915660 -0.499339461 -1.438319087 0.009733726 -0.165066153 0.058957919 0.984470606
102.625299 -1.240076065 -0.504952252 -1.492702603 0.001147712 -0.175234973 0.058005136 0.982815742
103.075299 -1.340756059 -0.526986897 -1.548248410 -0.003566633 -0.218789354 0.061895344 0.973800540
103.575298 -1.479136705 -0.525627553 -1.563289881 -0.003403384 -0.365531087 0.064242058 0.928573310
103.825299 -1.573942900 -0.528347194 -1.602736354 -0.010984633 -0.445858598 0.068109766 0.892440736
104.325299 -1.576359034 -0.539922714 -1.738442898 -0.008736100 -0.589843154 0.080958754 0.803401768
105.025298 -1.417074442 -0.546937943 -1.902407765 -0.019319300 -0.719758391 0.070211686 0.690394819
105.275298 -1.351269007 -0.547328830 -1.970396280 -0.029243408 -0.754112840 0.068609118 0.652496338
105.525298 -1.286226034 -0.559667408 -2.020079136 -0.033669699 -0.784236848 0.071362950 0.615423620
105.675298 -1.256204605 -0.566044033 -2.048882008 -0.035756484 -0.803857088 0.073315434 0.589203060
105.825298 -1.233898401 -0.573426664 -2.076368809 -0.037531495 -0.818529665 0.077714406 0.567944586
106.075298 -1.231971502 -0.567600369 -2.109374046 -0.037109964 -0.834173501 0.076258406 0.544942379
106.625298 -1.400476217 -0.557563782 -2.124559402 -0.028510911 -0.812790811 0.072297759 0.577348471
106.875298 -1.490573406 -0.560645998 -2.155117989 -0.025027052 -0.799556434 0.068508565 0.596145749
107.175297 -1.577883720 -0.562327981 -2.199448109 -0.010447568 -0.785101175 0.065123461 0.615845680
107.475298 -1.661728382 -0.553713202 -2.257789135 -0.018646147 -0.752548158 0.067268945 0.654827058
107.675297 -1.699114323 -0.560076177 -2.308607101 -0.017011335 -0.719041348 0.067310527 0.691490710
107.925297 -1.726012707 -0.581852794 -2.375724316 -0.014615781 -0.674036443 0.074350841 0.734801471
108.025297 -1.734715462 -0.594239950 -2.403074265 -0.011348835 -0.660897195 0.072184056 0.746910691
108.125297 -1.741533995 -0.603330374 -2.421834946 -0.010108534 -0.649878323 0.073943295 0.756365240
108.275297 -1.754370213 -0.610280037 -2.442073584 -0.003699335 -0.636912346 0.074476331 0.767321467
108.475297 -1.779080629 -0.607877135 -2.464914560 -0.000440276 -0.618396521 0.071981572 0.782562554
108.575297 -1.795008659 -0.604631186 -2.474884987 -0.003174704 -0.608556926 0.074236229 0.790023625
108.825298 -1.824393034 -0.598143935 -2.517020226 -0.008936408 -0.585422635 0.079022080 0.806818426
109.175297 -1.845223665 -0.609114408 -2.603515863 -0.003053555 -0.568527460 0.067722201 0.819866419
109.375297 -1.831082106 -0.620430112 -2.663947821 0.009300968 -0.548907876 0.065070860 0.833294332
109.575297 -1.792423844 -0.628074944 -2.736260653 0.008180350 -0.524562240 0.077443153 0.847803175
109.725297 -1.755911708 -0.635667503 -2.797124386 0.005590783 -0.516861975 0.080790944 0.852229655
109.875297 -1.720635772 -0.639869928 -2.857498646 0.003309351 -0.522624910 0.078980245 0.848890066
110.075297 -1.679445624 -0.637972593 -2.923190117 0.006323738 -0.535208404 0.065726466 0.842135370
110.175297 -1.660078168 -0.638321221 -2.946317911 0.007257170 -0.535389841 0.065447904 0.842034221
110.425297 -1.634003282 -0.639906824 -2.946067810 0.008382591 -0.508525193 0.057984654 0.859051585
110.525297 -1.628272414 -0.639972687 -2.927990675 0.008994300 -0.491655111 0.053877600 0.869075119
110.875297 -1.578943849 -0.637210011 -2.829921722 0.008277958 -0.427640736 0.046390750 0.902719676
111.225296 -1.506696224 -0.630581439 -2.711529255 0.006032388 -0.346691370 0.044293486 0.936913431
111.625296 -1.400222540 -0.621499121 -2.586920977 -0.009078709 -0.248720840 0.045114987 0.967481375
111.975296 -1.298580527 -0.611662388 -2.524070263 -0.020027116 -0.150401831 0.037701007 0.987702787
112.225296 -1.244603992 -0.601542950 -2.488402128 -0.013755203 -0.079123296 0.033928767 0.996192336
112.425296 -1.201150537 -0.595558047 -2.441482544 -0.011875347 -0.026543425 0.032112300 0.999061167
112.625296 -1.154646873 -0.597990036 -2.391419411 -0.004413995 0.026168060 0.030754222 0.999174654
112.725296 -1.136720181 -0.601339102 -2.358479261 -0.001644319 0.049042068 0.031046364 0.998312712
112.825297 -1.115177989 -0.605132878 -2.330533981 0.002162327 0.070954688 0.026392929 0.997128010
112.925296 -1.095897079 -0.611134410 -2.303845882 0.003213519 0.091512762 0.023978891 0.995509982
112.975296 -1.086984396 -0.614234030 -2.296183586 0.005468491 0.101866208 0.021001341 0.994561374
113.025296 -1.072165728 -0.614064276 -2.289868355 0.005455952 0.111026697 0.020019745 0.993600786
113.275296 -1.015180230 -0.629314899 -2.284304619 0.006578148 0.161483213 0.014384448 0.986748695
113.375296 -0.997467637 -0.634264588 -2.285904884 0.004089175 0.185677722 0.009369887 0.982557535
113.575296 -0.964661300 -0.641182721 -2.308391094 0.001502674 0.222804010 0.000473526 0.974861979
113.775296 -0.982930243 -0.638938725 -2.310984612 -0.006861482 0.249622226 0.001364897 0.968318045
114.175296 -1.123020053 -0.610033512 -2.238214970 -0.018106885 0.252730131 0.010953658 0.967305362
114.525296 -1.302658200 -0.556913793 -2.110124826 -0.024377083 0.160295725 0.021543281 0.986532807
114.625296 -1.354812860 -0.542407453 -2.071747303 -0.026821906 0.124131061 0.023609418 0.991622269
114.725295 -1.405538678 -0.535441816 -2.053892374 -0.028963329 0.086811528 0.022790810 0.995542824
114.825296 -1.455508232 -0.528064072 -2.039208174 -0.031010337 0.050891306 0.023539254 0.997945070
114.925296 -1.500545025 -0.527807832 -2.027943134 -0.034075510 0.014893027 0.023333322 0.999035835
115.075296 -1.563630700 -0.528835833 -2.016187191 -0.036507331 -0.032438420 0.026863493 0.998445451
115.325296 -1.660786867 -0.540737748 -2.019433498 -0.033504613 -0.098284222 0.029315781 0.994162083
115.625295 -1.738164067 -0.556222320 -2.042081356 -0.017295850 -0.163224414 0.025688212 0.986102819
116.575295 -1.808300018 -0.822025061 -1.961912870 -0.012715219 -0.198246986 0.006611755 0.980047345
118.975295 -1.774890780 -0.483257353 -2.001660824 -0.080845334 -0.188653380 -0.010875309 0.978649914
119.825295 -1.682008743 -0.374951541 -2.047975779 -0.055116609 -0.125285685 -0.023062687 0.990320027
120.325294 -1.584574699 -0.401864707 -1.966553330 -0.029530279 -0.048994739 -0.021793226 0.998124540
120.625294 -1.519089222 -0.401988804 -1.880340934 -0.027358564 0.008731035 -0.023482377 0.999311686
120.725294 -1.496641040 -0.401838869 -1.849402666 -0.028563388 0.026172748 -0.023232628 0.998979151
120.825295 -1.478272676 -0.400499105 -1.818194985 -0.027916702 0.041443765 -0.025466597 0.998426020
121.025294 -1.444494486 -0.395812213 -1.763399005 -0.021342989 0.067869626 -0.028982216 0.997044742
121.175294 -1.422191143 -0.389836311 -1.742406249 -0.022001574 0.091934204 -0.023633210 0.995241463
121.475294 -1.387634277 -0.380161911 -1.733538866 -0.034376998 0.154493272 -0.014139885 0.987294376
121.625294 -1.371057391 -0.380869389 -1.741759062 -0.038030412 0.204893678 -0.011020841 0.977983057
121.775294 -1.362080693 -0.390219152 -1.759091616 -0.035985082 0.256603330 -0.008917416 0.965805531
121.975294 -1.351424575 -0.425993264 -1.839576960 -0.031355493 0.314570218 -0.011960028 0.948640823
122.225294 -1.355936885 -0.473480791 -1.919485092 -0.031744208 0.392786026 -0.009689295 0.919030786
122.775294 -1.345533848 -0.496101230 -2.055913925 -0.047915909 0.512058854 -0.016579514 0.857452631
123.375294 -1.302326679 -0.485052347 -2.276714802 -0.059235081 0.604981005 -0.020400787 0.793771386
123.825294 -1.299570680 -0.540167689 -2.437184811 -0.057414282 0.675996184 -0.021477059 0.734351099
124.025293 -1.309913278 -0.548287272 -2.513834476 -0.058789089 0.707389116 -0.026268659 0.703885257
124.175293 -1.321817517 -0.557126760 -2.566950798 -0.059227951 0.728195131 -0.027977170 0.682232499
124.275293 -1.329353571 -0.559293568 -2.595402241 -0.058997177 0.740370572 -0.031293105 0.668873310
124.475293 -1.347599983 -0.571478069 -2.641855955 -0.059288073 0.755826890 -0.032779966 0.651257336
124.825294 -1.392813206 -0.583970547 -2.672471046 -0.061405264 0.790276945 -0.032444600 0.608801484
125.075293 -1.445603371 -0.577736616 -2.629620075 -0.056593798 0.818328142 -0.025363980 0.571395576
125.375293 -1.518860340 -0.584539950 -2.558061600 -0.048849456 0.850657225 -0.016802778 0.523176551
125.825293 -1.614344597 -0.583452582 -2.470496655 -0.040813275 0.892867446 -0.014929900 0.448217690
126.325293 -1.687499046 -0.598095059 -2.486557245 -0.040293910 0.940356910 -0.023125416 0.337002188
126.575293 -1.731122971 -0.609732032 -2.454603910 -0.033127561 0.966033280 -0.030669225 0.254443854
126.725292 -1.760978222 -0.619124353 -2.430094004 -0.028512578 0.977125764 -0.034875009 0.207836688
126.825293 -1.777512074 -0.622875333 -2.411512852 -0.032833342 0.981634736 -0.037623003 0.184118822
126.975293 -1.791736126 -0.625977039 -2.383584023 -0.040765904 0.986053586 -0.037560798 0.156925768
127.875292 -1.822626591 -0.627253413 -2.151025534 -0.042741504 0.989419639 -0.032414202 0.134801120
128.375292 -1.880958557 -0.577565372 -2.031676769 -0.049224731 0.995620310 -0.009339178 0.078929886
128.625292 -1.874061584 -0.568666816 -1.988815904 -0.055419542 0.998265028 -0.008908825 0.017784573
128.925292 -1.806720614 -0.560312986 -1.940515995 0.036515135 -0.996223390 0.022039944 0.075629577
129.525292 -1.667233586 -0.582183719 -1.859901905 0.047407765 -0.981381178 0.023979794 0.184576631
130.675292 -1.872218132 -0.589002550 -2.193101406 0.022526985 -0.976627052 0.013009305 0.213361204
131.025292 -1.985393763 -0.598549604 -2.320846796 0.008631358 -0.985217392 0.009719593 0.170815110
131.325292 -2.087169170 -0.613355994 -2.431561232 0.013910090 -0.991861701 0.019882912 0.124986336
131.525291 -2.163078308 -0.630864680 -2.507477760 0.019639617 -0.994097948 0.022132285 0.104373507
131.675291 -2.224004030 -0.640778184 -2.550163269 0.013015995 -0.993463457 0.030580074 0.109205253
131.975292 -2.352012157 -0.653115869 -2.632105589 0.007593187 -0.994079649 0.037684735 0.101626031
132.375291 -2.516840458 -0.641057611 -2.698151588 0.004300548 -0.986839652 0.043968860 0.155550003
132.575291 -2.604603291 -0.638599873 -2.715096951 0.003719500 -0.975308239 0.056062970 0.213581279
132.675291 -2.648947239 -0.635020614 -2.718997955 0.000992832 -0.967102110 0.060382728 0.247116357
132.775291 -2.695986032 -0.637354851 -2.722496986 0.009596647 -0.959229052 0.062766552 0.275405139
132.825291 -2.717416286 -0.639201403 -2.722542763 0.010989180 -0.954109848 0.068097733 0.291404158
132.925291 -2.762494802 -0.645584047 -2.719461441 0.007771859 -0.942380548 0.071203612 0.326785296
133.025291 -2.796895981 -0.648337603 -2.714579582 0.012569967 -0.930986524 0.072634548 0.357533723
133.125291 -2.832957268 -0.648097098 -2.703843117 0.016020486 -0.917628407 0.074210018 0.390120924
133.225291 -2.863235950 -0.648668826 -2.695275307 0.023198232 -0.902279675 0.072457723 0.424385726
133.375291 -2.919318914 -0.646645427 -2.674637794 0.027578332 -0.880568862 0.070059754 0.467899173
133.475291 -2.967424870 -0.646812975 -2.649223089 0.030942878 -0.869046211 0.071892224 0.488500506
133.675291 -3.075760365 -0.657082319 -2.585282326 0.033704221 -0.848950624 0.070011042 0.522728741
133.775291 -3.129090786 -0.662937820 -2.555874109 0.034437116 -0.839314401 0.066768214 0.538430631
133.825291 -3.153701782 -0.664435923 -2.539618254 0.034524456 -0.834092200 0.062152062 0.547024131
134.775291 -3.689133644 -0.671823800 -2.318713665 0.012592408 -0.704384565 0.047436189 0.708119810
135.325291 -4.116734505 -0.715122163 -2.192991495 0.028222553 -0.677781940 0.028512707 0.734167755
135.725290 -4.395899296 -0.712329149 -2.146606207 0.018485742 -0.629687428 0.031298239 0.775997698
136.025290 -4.570218086 -0.729074121 -2.107255220 0.018477904 -0.583388388 0.046621878 0.810643554
136.225290 -4.643170357 -0.731476486 -2.057782173 0.020285975 -0.545057058 0.037349716 0.837320924
136.375290 -4.677088737 -0.728900075 -2.001097441 0.019152625 -0.505732000 0.027443705 0.862041354
136.475290 -4.694523335 -0.727060556 -1.951555610 0.021472035 -0.478754997 0.024745027 0.877337039
136.525290 -4.702556610 -0.729457974 -1.935945272 0.021413567 -0.462487876 0.024362396 0.886032104
136.575290 -4.710742950 -0.734792590 -1.916564465 0.019254277 -0.447195113 0.023176948 0.893928766
136.625290 -4.718749046 -0.733402967 -1.903585911 0.018339392 -0.431893200 0.021570358 0.901480258
136.675290 -4.723545074 -0.730071425 -1.888440967 0.018832894 -0.416942507 0.021576779 0.908481598
136.725290 -4.723731041 -0.733469069 -1.873654127 0.024023263 -0.401453823 0.018454928 0.915378153
136.775290 -4.724488735 -0.735146284 -1.867403865 0.025760349 -0.382197052 0.021473514 0.923472106
136.825290 -4.726897240 -0.735043049 -1.866446972 0.024693733 -0.361235350 0.022593377 0.931873798
136.925290 -4.716979504 -0.724334002 -1.851644754 0.026280476 -0.327666938 0.014511019 0.944316268
137.125290 -4.711837769 -0.726599216 -1.855588675 0.013864363 -0.236637384 0.011690302 0.971428752
137.425290 -4.623608112 -0.743289471 -1.890467763 0.010154109 -0.088162787 0.009236881 0.996011496
137.775290 -4.504998684 -0.772006631 -2.014895916 -0.001202277 0.102781571 -0.020410219 0.994493842
138.125290 -4.447407722 -0.789020002 -2.154828787 -0.014790799 0.242053404 -0.024027962 0.969852567
139.025290 -4.484850407 -0.782938480 -2.387681961 -0.022908300 0.463519067 -0.014525414 0.885671735
139.325290 -4.530333519 -0.777530253 -2.488485575 -0.010211345 0.581919909 -0.017279724 0.812998474
139.725289 -4.632065773 -0.800282419 -2.651820183 -0.008944105 0.728401780 -0.022607753 0.684718728
139.925289 -4.688771248 -0.816175163 -2.767045498 -0.014972206 0.782308161 -0.037207443 0.621599078
140.075289 -4.724496841 -0.835328817 -2.839406013 -0.012168962 0.815392077 -0.046966624 0.576872528
140.225289 -4.750415802 -0.851517379 -2.893561363 -0.006607835 0.841099143 -0.055447798 0.537990928
140.475289 -4.798811913 -0.858075142 -2.975657940 -0.013894589 0.877977014 -0.059692964 0.474763185
140.675289 -4.833662987 -0.855441272 -3.024402618 -0.011320282 0.900400102 -0.049011704 0.432145089
141.025289 -4.903457642 -0.858360767 -3.075193405 -0.001973162 0.937545836 -0.043189816 0.345164657
141.325290 -4.987626076 -0.868643105 -3.091374636 -0.001095249 0.965874791 -0.049986608 0.254137874
141.475289 -5.030494213 -0.871473789 -3.079778194 -0.002417987 0.978312373 -0.050865605 0.200778067
141.675289 -5.089328289 -0.870122671 -3.048708439 -0.001518166 0.989676118 -0.055367105 0.132187203
142.125289 -5.238438606 -0.876770675 -2.948578835 0.012664879 -0.995091915 0.057956200 0.079200901
142.525289 -5.342414379 -0.893710613 -2.824025631 0.010483151 -0.974453747 0.061751518 0.215677440
143.075289 -5.524969101 -0.868435144 -2.644414902 0.016764252 -0.909674466 0.059741203 0.410660952
143.275288 -5.540376186 -0.859983385 -2.577594757 0.020135604 -0.870157123 0.058442887 0.488881946
143.425289 -5.537786961 -0.874771476 -2.527768135 0.016343942 -0.832740724 0.055363238 0.550645709
143.475289 -5.534468651 -0.880528390 -2.509939671 0.014685034 -0.820658386 0.054971721 0.568579197
143.575288 -5.530132771 -0.876936793 -2.477828503 0.009951312 -0.791495979 0.060326889 0.608108461
143.675288 -5.518415451 -0.868793130 -2.444412231 0.011536733 -0.760578513 0.059558216 0.646405518
143.775288 -5.504008293 -0.862798631 -2.401563168 0.008323735 -0.728486478 0.062758513 0.682128668
143.825289 -5.496701241 -0.859110534 -2.388109207 0.006296067 -0.710065126 0.066401303 0.700969875
144.025288 -5.458618164 -0.855998397 -2.290917158 0.001356301 -0.650218487 0.066848189 0.756799459
144.125288 -5.435742378 -0.849894762 -2.258367777 -0.009048570 -0.620281398 0.070516579 0.781150758
144.175288 -5.424056530 -0.847310543 -2.235981464 -0.007558038 -0.604903102 0.068074755 0.793347955
144.275288 -5.400846481 -0.845340490 -2.202369452 -0.009373151 -0.577413619 0.065065131 0.813801050
144.375289 -5.368701935 -0.844267368 -2.156090975 -0.004083295 -0.551694810 0.061994247 0.831728876
144.525288 -5.342425346 -0.843888521 -2.105162621 0.002803286 -0.507190168 0.064417459 0.859418809
147.775287 -4.805024147 -0.779732883 -2.437086105 -0.000898688 0.618072152 0.030040326 0.785546660
148.225287 -4.871127129 -0.776068687 -2.626563072 0.008242006 0.742711484 0.021503335 0.669215500
148.625287 -4.996462822 -0.778883576 -2.792850971 -0.001037978 0.838138223 0.012956744 0.545302987
149.625287 -5.227896690 -0.804959595 -2.817986965 0.013357100 0.995613456 -0.011342869 0.091906324
150.325288 -5.414100170 -0.792118728 -2.600821018 0.000298513 -0.941035628 0.041049596 0.335807711
150.825287 -5.463008404 -0.808140993 -2.471911907 -0.024188980 -0.825148284 0.048053075 0.562348723
150.875287 -5.465361118 -0.802194059 -2.454693794 -0.030224642 -0.811890244 0.052577849 0.580651641
151.025287 -5.455532074 -0.792305470 -2.413938522 -0.037692398 -0.759609282 0.054751173 0.646973968
151.125287 -5.439124107 -0.784148097 -2.380961180 -0.041886892 -0.721859455 0.054737967 0.688598812
151.275286 -5.410865307 -0.778731346 -2.360070944 -0.049779095 -0.663938940 0.051375374 0.744357228
151.475287 -5.354968071 -0.777173519 -2.339382172 -0.055318736 -0.586043656 0.059023477 0.806231380
151.575287 -5.321053982 -0.781770527 -2.332062721 -0.055261277 -0.547979772 0.059204377 0.832561910
151.725286 -5.256768703 -0.781418324 -2.318073750 -0.053491447 -0.489530504 0.053753510 0.868682384
151.975286 -5.118473053 -0.775080860 -2.291811705 -0.059285011 -0.382544726 0.037880432 0.921254516
152.175286 -5.008144379 -0.771258950 -2.264607191 -0.061749913 -0.306039602 0.043745283 0.949006379
152.275286 -4.964242935 -0.773966491 -2.275004625 -0.058032129 -0.267357767 0.047519978 0.960673690
152.375286 -4.923850536 -0.778399110 -2.287501335 -0.053865444 -0.229922369 0.051866654 0.970331967
152.525286 -4.869272709 -0.776537716 -2.320089102 -0.042589270 -0.169971824 0.057015643 0.982875884
152.775286 -4.763417721 -0.753321886 -2.379763126 -0.037793808 -0.073278584 0.053452440 0.995160699
153.075286 -4.615130901 -0.729602754 -2.452110291 -0.046214763 0.037431758 0.045340236 0.997199774
153.475286 -4.469053268 -0.737247407 -2.559444189 -0.049931880 0.223413378 0.054462049 0.971919358
154.075286 -4.700025558 -0.721918523 -2.667073250 -0.034637284 0.473293364 0.042139098 0.879214406
155.275285 -4.941910744 -0.777825892 -2.786591053 -0.000140425 0.658154786 0.037167255 0.751964748
155.425286 -4.965648174 -0.786773920 -2.735383034 0.010075409 0.663360596 0.031361055 0.747574508
156.275285 -5.211539268 -0.859989345 -2.296765327 0.038736545 0.622393548 0.020488473 0.781476855
156.775285 -5.328095436 -0.931513369 -2.163251638 0.037047144 0.516002834 0.029009672 0.855293512
157.975285 -5.508315086 -0.947837293 -1.989473343 -0.020766623 0.371171206 0.079640344 0.924909830
159.125284 -5.346518993 -1.263593435 -2.130620956 0.054400872 0.304897010 0.004143563 0.950821400
160.175284 -5.159107685 -1.288512945 -2.240736485 0.018517237 0.594924927 -0.043425363 0.802393734
160.425284 -5.152375698 -1.286602259 -2.317642212 0.031018885 0.662710071 -0.060692430 0.745767832
160.675284 -5.127910137 -1.295653939 -2.422940731 0.027364530 0.741505146 -0.073544495 0.666342616
160.875284 -5.132741928 -1.307810545 -2.514254570 0.029410955 0.785969138 -0.088338077 0.611215115
161.125284 -5.146998405 -1.319147944 -2.617413044 0.034702219 0.826465845 -0.095859326 0.553679466
161.225284 -5.156079292 -1.320844650 -2.650766373 0.035125915 0.838753164 -0.103388958 0.533451021
161.425284 -5.176583290 -1.314203501 -2.734020710 0.029292736 0.860932469 -0.109329015 0.495968103
161.625284 -5.198000908 -1.292409420 -2.806525230 0.023254838 0.888711452 -0.117319651 0.442591518
161.675284 -5.207146645 -1.287686229 -2.822850227 0.025343835 0.892075479 -0.116724484 0.435814679
161.725284 -5.212208748 -1.279579520 -2.828130484 0.025361843 0.896976769 -0.119520538 0.424858063
161.775284 -5.229250431 -1.273203135 -2.848263741 0.031914417 0.901070178 -0.129649237 0.412607759
161.875284 -5.249000549 -1.244863391 -2.870640993 0.045271363 0.906238079 -0.134123638 0.398364037
161.925284 -5.255332947 -1.224154592 -2.875169039 0.050293073 0.906991720 -0.133780077 0.396155924
162.025284 -5.268881798 -1.184947252 -2.886972427 0.057563219 0.910651863 -0.139626101 0.384583145
162.275284 -5.283939838 -1.066537380 -2.906379938 0.038562484 0.916319013 -0.142519832 0.372237086
163.375284 -5.408047199 -0.729482353 -2.917617798 0.002156737 0.926451504 -0.034266055 0.374845058
164.225283 -5.691534042 -0.722490966 -3.127862930 -0.060990285 0.948804080 -0.059993528 0.304058880
164.875283 -5.935567856 -0.724752665 -3.248841286 -0.040221624 0.967595041 -0.099725798 0.228466287
166.025283 -5.666561604 -0.611575007 -3.064530611 0.013669789 0.899803579 -0.077089250 0.429213226
166.425283 -5.526464462 -0.624478459 -2.911086559 0.034331962 0.797389030 -0.048221894 0.600555360
166.825283 -5.418117523 -0.607046723 -2.775166512 0.025385430 0.714926541 -0.000846759 0.698738098
167.525282 -5.047646523 -0.582045376 -2.659111500 0.029913403 0.661063850 -0.007026128 0.749700189
168.525282 -4.425265312 -0.563471556 -2.613929749 0.013233427 0.678485394 0.010797182 0.734415412
168.925282 -4.148520470 -0.583939493 -2.633094311 0.024002217 0.710835993 0.008022670 0.702902377
169.175282 -3.962671518 -0.575310588 -2.660165071 0.028575823 0.704073429 -0.001255874 0.709550858
169.375282 -3.826072216 -0.579480529 -2.682884932 0.023681788 0.705130935 0.001847875 0.708679140
169.525282 -3.731683493 -0.571810544 -2.696270466 0.025109978 0.715202391 0.010908410 0.698381007
169.725282 -3.604401588 -0.556890190 -2.706539392 0.022840042 0.725144744 0.021005234 0.687896967
169.875282 -3.506978989 -0.545034289 -2.707308769 0.029085537 0.727964461 0.026523197 0.684484065
170.075282 -3.366045475 -0.550639868 -2.707998276 0.028627049 0.734875977 0.027607745 0.677034438
170.175282 -3.298876047 -0.561988533 -2.708954573 0.033451758 0.734731555 0.023431543 0.677127481
170.325282 -3.200802326 -0.568406880 -2.713553429 0.033167787 0.729694426 0.027954487 0.682396233
170.525282 -3.073921919 -0.555985451 -2.731049776 0.029828830 0.728051186 0.032513794 0.684101284
170.825282 -2.856942892 -0.530371130 -2.798945665 0.012140449 0.708048880 0.024907390 0.705619633
171.075282 -2.692031860 -0.535201967 -2.871915340 0.008273809 0.698433518 0.016821513 0.715429366
171.275281 -2.578620195 -0.524985492 -2.903307199 0.013423327 0.694367349 0.022818966 0.719133675
171.575281 -2.379327774 -0.507234275 -2.910084486 0.021058468 0.677608252 0.028778395 0.734558046
171.825282 -2.226874352 -0.522729695 -2.908049345 0.023570532 0.664958119 0.029762859 0.745915174
172.225281 -2.040973663 -0.519787192 -2.909081936 0.022182684 0.666124403 0.027968643 0.744985878
172.375282 -1.964097023 -0.514125526 -2.896931410 0.031630430 0.663545072 0.022246340 0.747136235
172.625281 -1.852829218 -0.512252629 -2.852223873 0.029693531 0.651675165 0.017386610 0.757717311
172.875281 -1.777592778 -0.498861820 -2.754268169 0.022472981 0.633866668 0.030013114 0.772533000
172.975281 -1.758512735 -0.490133524 -2.697578907 0.022236194 0.627108395 0.030962363 0.777998686
173.025281 -1.747797489 -0.488518715 -2.667244434 0.024794070 0.623809755 0.029593945 0.780622125
173.475281 -1.724072456 -0.495498866 -2.313820601 0.043017522 0.594362915 0.044444986 0.801814675
174.225281 -1.584351182 -0.471350342 -1.687434554 0.006245364 0.461758465 0.063046485 0.884740233
176.475280 -0.746683717 -0.447590500 -1.344534039 0.002390950 0.506392241 0.028757706 0.861820281
177.525280 -0.148336172 -0.406883031 -1.196182847 0.006865056 0.543375790 0.019734455 0.839229584
178.225280 0.157288074 -0.401697814 -1.176695347 0.014211059 0.639849842 -0.029270619 0.767810822
178.625280 0.291421413 -0.420628607 -1.113065243 -0.024027260 0.778985798 -0.069306903 0.622736216
179.725279 0.387110114 -0.500548005 -1.216945171 -0.044848714 0.918871343 -0.059425771 0.387469709
180.075279 0.273799181 -0.575288773 -1.604161978 -0.047221694 0.930416763 -0.029444242 0.362253785
180.125279 0.269836783 -0.531670034 -1.578413725 -0.050212592 0.939476371 -0.039393909 0.336617053
180.175279 0.271306396 -0.551477790 -1.548201561 -0.058455348 0.948610485 -0.036035124 0.308905512
180.225279 0.253177524 -0.527148664 -1.576744795 -0.064047843 0.953808308 -0.043298576 0.290297836
180.275279 0.239133239 -0.432452917 -1.589077592 -0.062379569 0.959116757 -0.074811690 0.265720069
180.375280 0.609432459 -0.460834801 -1.442964435 -0.044996753 0.994238734 -0.061209723 0.075618006
180.425279 0.571648479 -0.465457261 -1.421948433 -0.042457219 0.995381474 -0.064056329 0.057532024
180.625279 0.536567032 -0.473403275 -1.393761516 0.026767815 -0.997248948 0.065112881 0.023202818
181.275279 0.405495286 -0.487392277 -1.203693271 0.049748156 -0.971626878 0.050879054 0.225560844
183.025278 0.140172482 -0.512456059 -0.624942183 0.036457226 -0.702574670 0.057521146 0.708343863
185.675278 0.825684667 -0.511630237 -0.467251211 0.034974739 0.140892789 -0.014474561 0.989301026
187.475278 0.150018692 -0.220942616 -0.127277419 0.051405963 0.143070966 0.071016587 0.985821903
188.025277 0.026272984 -0.061747100 -0.032364968 0.017140413 0.035412747 0.067598224 0.996936619
192.925276 -0.119658753 0.048648857 -0.015987100 0.009149862 0.019689759 0.000132698 0.999764264
200.725273 0.404626787 -0.327048391 -0.326649755 -0.036519464 -0.256310672 0.035801847 0.965240598
201.825273 0.300254971 -0.356409103 -0.496952534 -0.044743784 -0.401381135 0.043653898 0.913775444
202.625273 0.279783458 -0.367727220 -0.644744694 -0.044607293 -0.535150170 0.039594773 0.842648625
204.075273 0.163946450 -0.369700372 -0.762161970 -0.046293944 -0.740868628 0.028340159 0.669453084
205.125272 0.276022136 -0.341795117 -0.848112166 -0.051355246 -0.822195351 -0.042813696 0.565264940
205.525272 0.272255540 -0.329732120 -0.884528756 -0.055564176 -0.849258184 -0.086878933 0.517808199
205.925273 0.262566209 -0.315643758 -0.963575959 -0.047838826 -0.890729725 -0.101684757 0.440422833
206.375272 0.290638685 -0.320001990 -1.035040259 -0.026204817 -0.934404850 -0.100182675 0.340829015
206.775272 0.347098708 -0.331698358 -1.062018037 -0.003610919 -0.967433095 -0.091811366 0.235862046
207.075272 0.373997748 -0.333957016 -1.065846205 0.002504843 -0.981420755 -0.094082482 0.167199001
207.675272 0.494847059 -0.341649234 -1.065420389 0.010314289 -0.992244959 -0.091757350 0.083212018
208.375271 0.615756691 -0.343475908 -1.069336772 -0.031231463 0.993021965 0.089985907 0.069531389
208.475272 0.621221781 -0.322953165 -1.092541099 -0.039670754 0.989705622 0.086576015 0.106834419
208.575272 0.613309145 -0.319542378 -1.123047590 -0.048611593 0.983797669 0.083643399 0.150940090
208.825272 0.652547896 -0.324578583 -1.140321970 -0.065495349 0.964655519 0.078448772 0.242890581
209.375271 0.717628241 -0.326669246 -1.034104943 -0.086071856 0.918096840 0.081803165 0.378150851
210.025271 0.753568470 -0.340699315 -0.888269424 -0.091577612 0.845387518 0.069423005 0.521645367
210.325271 0.759782434 -0.332633913 -0.789929032 -0.099779554 0.797870278 0.067039050 0.590722322
210.675271 0.758894086 -0.331194609 -0.695373654 -0.108046234 0.734697282 0.066594809 0.666416585
211.125271 0.738423049 -0.331563264 -0.614621460 -0.112751529 0.673584998 0.059842177 0.728003621
211.525271 0.734392464 -0.319650412 -0.553894579 -0.118814074 0.592346728 0.046377938 0.795523584
211.825271 0.722602844 -0.325061262 -0.509717286 -0.122713722 0.511676252 0.031902205 0.849771082
212.225271 0.667121947 -0.315847397 -0.487226248 -0.126304850 0.389207780 0.019948812 0.912231565
212.725270 0.546965957 -0.325405806 -0.455918342 -0.134670466 0.232364029 0.014157061 0.963156521
213.125270 0.428330958 -0.337546736 -0.440624297 -0.119655557 0.129050106 0.005027733 0.984379649
213.625270 0.383921891 -0.364011288 -0.383941919 -0.122077607 -0.052210242 0.003421607 0.991140485
214.075270 0.259075373 -0.348588675 -0.400122136 -0.120305344 -0.201068446 -0.010688235 0.972102821
214.425271 0.192089424 -0.339603007 -0.425258845 -0.111808583 -0.312700957 -0.025180263 0.942911923
214.775270 0.163587600 -0.340901315 -0.478352934 -0.100641347 -0.410499245 -0.032025456 0.905724049
215.075270 0.136711448 -0.333190888 -0.551545918 -0.098679282 -0.498365849 -0.045173489 0.860147238
215.475270 0.128909111 -0.341493547 -0.641856849 -0.087431855 -0.590749383 -0.045658577 0.800803423
215.925270 0.126829386 -0.352387995 -0.761566341 -0.075224131 -0.651195884 -0.046087023 0.753764689
216.325269 0.130983293 -0.372270584 -0.877694547 -0.063734248 -0.707641065 -0.043114096 0.702369690
216.975269 0.107540250 -0.372561842 -1.031432986 -0.060540009 -0.788953304 -0.051524285 0.609288931
217.025269 0.109419107 -0.365622193 -1.033624172 -0.058854003 -0.791037321 -0.051440954 0.606753647
217.725269 0.130770981 -0.368772447 -0.920119882 -0.061486445 -0.729724228 -0.045234837 0.679467261
218.025269 0.145271778 -0.358350277 -0.820451617 -0.073008552 -0.673557878 -0.041373622 0.734355330
218.425269 0.204998612 -0.359088510 -0.710766733 -0.082151219 -0.579244375 -0.039565593 0.810038090
218.675269 0.258599252 -0.359236985 -0.635479331 -0.085552298 -0.513358295 -0.039859932 0.852968514
218.975269 0.328741491 -0.362812787 -0.554128408 -0.094437107 -0.439432055 -0.029017648 0.892826498
219.275269 0.395055413 -0.361586601 -0.485463798 -0.092322208 -0.371372253 -0.024921210 0.923546553
219.725269 0.501602232 -0.349528342 -0.366401136 -0.098076537 -0.278728902 -0.013463113 0.955253839
220.175269 0.601710379 -0.334181488 -0.275673598 -0.110308573 -0.173409462 -0.012250150 0.978576064
220.725268 0.498920530 -0.282499284 -0.271959573 -0.128031239 0.014600866 -0.004338691 0.991653144
221.925269 0.693317771 -0.262331009 -0.024362383 -0.115311407 0.167598903 0.022666864 0.978825867
222.925269 0.571545184 -0.237249106 0.523055375 -0.104526564 -0.025224116 0.017168552 0.994053900
223.625268 0.415584952 -0.223094314 0.943502545 -0.127156675 -0.166305885 -0.000883428 0.977840900
224.075268 0.355472744 -0.296578050 1.286753893 -0.144412726 -0.312789381 -0.035100263 0.938123524
224.725267 0.097709417 -0.240773350 1.550731063 -0.127992153 -0.434710830 -0.038005386 0.890617847
225.225267 -0.131680191 -0.226180553 1.677851439 -0.121697456 -0.546368837 -0.030832535 0.828082263
225.625267 -0.303741813 -0.232918650 1.732675791 -0.094566502 -0.666198790 -0.056206375 0.737615883
226.175267 -0.482554436 -0.213014662 1.749571443 -0.084372953 -0.741904438 -0.060008697 0.662463546
226.925267 -0.805172920 -0.221628219 1.678840399 -0.073144130 -0.804999948 -0.058248840 0.585860133
227.275267 -0.945539832 -0.236503378 1.633576632 -0.050226390 -0.856707513 -0.052489296 0.510660827
227.925267 -1.142066002 -0.322978288 1.590794563 -0.011186460 -0.883833766 -0.015094077 0.467423737
228.175267 -1.193210483 -0.391973138 1.557399035 0.012494316 -0.879652500 0.020804487 0.474997401
228.475267 -1.230406642 -0.456523716 1.520475149 0.036047008 -0.869803846 0.063928239 0.487908870
229.825266 -1.379319906 -0.335323036 1.465010524 -0.016806198 -0.829812884 0.031375073 0.556905508
230.175266 -1.386893392 -0.225373596 1.448778152 -0.021476440 -0.827744663 0.010982435 0.560586214
230.475266 -1.386624098 -0.140788689 1.428792119 -0.017606834 -0.814764977 -0.019132121 0.579208136
230.775266 -1.414508700 -0.094085634 1.431940198 -0.040989704 -0.772608638 -0.029963724 0.632849097
231.125266 -1.520360112 -0.078430191 1.404484510 -0.060211547 -0.762777090 -0.029928062 0.643156350
231.525266 -1.681268215 -0.097571656 1.354750276 -0.061378215 -0.784679770 -0.016219629 0.616641939
231.875266 -1.789180756 -0.108141094 1.324510574 -0.061914954 -0.791039467 -0.006077007 0.608593702
232.275266 -1.901475430 -0.119432837 1.297100544 -0.073527187 -0.769117951 0.002414230 0.634858668
232.425266 -1.953925848 -0.123672560 1.274699926 -0.072897092 -0.759421766 0.003487070 0.646492362
232.725265 -2.057586193 -0.142712638 1.226338387 -0.073313527 -0.738881826 0.004106293 0.669822395
233.275265 -2.187452793 -0.153321281 1.191200972 -0.075183868 -0.666102529 0.006262602 0.742034853
234.375265 -2.352047443 -0.145768315 1.083401680 -0.081268601 -0.708217859 0.003207215 0.701293528
234.675265 -2.331663609 -0.147804186 1.030660629 -0.080475464 -0.758526087 -0.004163004 0.646640956
234.875265 -2.298773766 -0.160177022 1.009674072 -0.070981316 -0.793288350 0.000982705 0.604693532
235.125265 -2.221831322 -0.185289085 1.002887726 -0.065447092 -0.830030501 0.005317227 0.553839087
235.625265 -2.040382385 -0.223470256 1.051433325 -0.062799983 -0.877618134 0.015168895 0.474986821
235.875265 -1.949793577 -0.223400593 1.068602443 -0.070891775 -0.909155786 0.010398698 0.410246372
236.275265 -1.807663679 -0.211879462 1.107090116 -0.077511810 -0.941310823 -0.009565749 0.328381449
237.075265 -1.522791862 -0.236867338 1.265882850 -0.087640047 -0.937716484 0.008568385 0.336055964
237.625264 -1.356660366 -0.269491732 1.341983676 -0.074835204 -0.964336455 0.020616001 0.253041238
237.875264 -1.290509582 -0.265340030 1.345435619 -0.082980685 -0.978897512 0.017057801 0.185964927
237.975264 -1.265692711 -0.256385803 1.347492099 -0.078543201 -0.983933270 0.005561545 0.160235375
238.075264 -1.240484953 -0.243185803 1.357815981 -0.076613270 -0.987268269 -0.005043134 0.139306664
238.175265 -1.216982245 -0.226878569 1.366784096 -0.073521480 -0.989697456 -0.020084625 0.121203110
238.325264 -1.188058972 -0.208449721 1.382619023 -0.071215115 -0.991379559 -0.034044027 0.104575202
238.475264 -1.170886874 -0.191346258 1.397981405 -0.067422405 -0.991533756 -0.046704594 0.100666329
238.675264 -1.157777429 -0.170085222 1.428803444 -0.057690930 -0.990127623 -0.060199101 0.112672910
238.775264 -1.149248481 -0.158164456 1.447867393 -0.053175241 -0.988486052 -0.068750620 0.123859540
238.875264 -1.133521318 -0.145370916 1.470446706 -0.054791130 -0.986486197 -0.077383749 0.133621663
239.025264 -1.092968583 -0.127802119 1.500417829 -0.052172534 -0.985728085 -0.090228319 0.132200763
239.175264 -1.044527888 -0.114961535 1.525734186 -0.054607574 -0.986384332 -0.098685846 0.119687438
239.275264 -1.008805394 -0.108175851 1.538213372 -0.051872276 -0.987896681 -0.104803726 0.101909496
239.375264 -0.972920656 -0.098785624 1.542351007 -0.045788292 -0.989661515 -0.112546101 0.076203629
239.475264 -0.938312173 -0.092922702 1.543913007 -0.037851285 -0.991222084 -0.115508772 0.051998258
239.525264 -0.923444867 -0.091499895 1.544295192 -0.036258992 -0.991644859 -0.117223814 0.039804801
239.625264 -0.895380497 -0.089160860 1.542592883 -0.032393072 -0.992425501 -0.117202051 0.017492158
239.725264 -0.869762480 -0.088528618 1.539309859 0.030339133 0.992795765 0.115856126 0.003678268
239.825264 -0.846495628 -0.088247433 1.534673691 0.026983101 0.992501855 0.116887487 0.023437889
239.925264 -0.826557517 -0.086618900 1.527969003 0.022843158 0.991720557 0.117699593 0.045993127
240.075264 -0.796710849 -0.089013010 1.520091534 0.009812224 0.988956809 0.119240016 0.087464139
240.125264 -0.787084222 -0.090647787 1.516863585 0.006626884 0.987425923 0.119339861 0.103460640
240.275264 -0.758451939 -0.096672952 1.510468245 -0.007153894 0.981764257 0.117153205 0.149542391
240.375263 -0.737509131 -0.101359934 1.507749200 -0.016099870 0.976127267 0.114633232 0.183781400
240.525264 -0.702868044 -0.105961457 1.502683878 -0.030695690 0.965343535 0.109687455 0.234815612
240.725263 -0.654428005 -0.112318695 1.518714428 -0.046926007 0.947405219 0.100981012 0.300040245
240.975264 -0.594217658 -0.110219561 1.539591432 -0.065753430 0.917009354 0.090743981 0.382800043
241.375263 -0.507108212 -0.107440285 1.583214402 -0.080376104 0.857150257 0.088265710 0.501041293
241.825263 -0.387152195 -0.094376117 1.637300491 -0.094400972 0.801589847 0.094986983 0.582683146
242.275263 -0.219712496 -0.052172154 1.732001781 -0.113196008 0.738082886 0.090543836 0.658955336
242.675263 -0.104889750 -0.009770960 1.875400186 -0.145545840 0.652983367 0.094969429 0.737163424
243.025263 -0.039917946 0.038055331 1.987672806 -0.173499912 0.597848892 0.084253319 0.778059125
243.625263 0.011752307 0.047951043 2.080934763 -0.190785080 0.468203992 0.059779368 0.860704660
243.975263 0.022367865 0.002596796 2.086030245 -0.175306872 0.359496057 0.020689616 0.916298032
244.175263 0.011822879 -0.038957134 2.069457293 -0.157473773 0.313999772 0.007609023 0.936241567
244.525262 -0.017829433 -0.116137028 2.050463915 -0.128201887 0.277242213 0.020538114 0.951986969
244.775262 -0.053386226 -0.187784791 2.050058365 -0.103419013 0.275272846 0.003945122 0.955779135
245.275262 -0.121027127 -0.342426211 2.078894615 -0.089587472 0.274425924 -0.010176465 0.957371891
245.775262 -0.127146065 -0.466041982 2.087012529 -0.068576768 0.296369374 -0.023123499 0.952327549
246.175262 -0.077973187 -0.547496378 2.049324274 -0.078646228 0.340851247 -0.017394405 0.936660349
246.475262 -0.006604671 -0.579007983 1.965914130 -0.078444488 0.411218494 -0.030993883 0.907626152
246.875262 0.083859026 -0.593332708 1.846456289 -0.078492805 0.490280926 -0.028032267 0.867569983
247.475262 0.165075958 -0.609064400 1.719556570 -0.084382087 0.563475609 -0.046117879 0.820516944
247.975262 0.201685667 -0.615828097 1.600018501 -0.075418226 0.619346559 -0.038082149 0.780558646
248.975262 0.181002855 -0.443766207 1.528817654 -0.048689056 0.631345570 -0.030259689 0.773379982
249.525261 0.158151627 -0.318339705 1.528173327 -0.062720366 0.629751086 -0.013264573 0.774147153
249.975261 0.133805871 -0.198656172 1.483119845 -0.065946095 0.666490614 0.015782069 0.742423356
250.225261 0.123833895 -0.115888238 1.423527837 -0.083272725 0.695431292 0.045302071 0.712312222
250.725261 0.145528793 -0.027702034 1.316279769 -0.100889221 0.734148443 0.062767111 0.668511569
251.175261 0.114590049 0.074369878 1.226161957 -0.122953594 0.767088413 0.092253700 0.622853935
252.125261 0.214976072 -0.133920208 1.175739288 -0.115318477 0.758025050 0.104078129 0.633456826
252.575261 0.246573448 -0.256813884 1.105778933 -0.092708267 0.757460058 0.106266372 0.637469113
252.925261 0.233606935 -0.314369559 0.998129070 -0.076385975 0.765085638 0.095109649 0.632268369
253.375260 0.240329981 -0.344491303 0.825144708 -0.085656077 0.774974704 0.070324659 0.622199178
253.975260 0.323469579 -0.397721708 0.659586787 -0.075725690 0.777048528 0.030813714 0.624108732
254.375260 0.443286449 -0.471036553 0.568676114 -0.065132253 0.731554389 -0.017747413 0.678432822
254.675260 0.532128692 -0.534088016 0.522316217 -0.041684169 0.672351658 -0.061125468 0.736525178
255.025260 0.621337593 -0.583032966 0.481467515 -0.046330802 0.557967246 -0.088055253 0.823876381
255.475260 0.649357140 -0.621248960 0.475547135 -0.022034885 0.475936860 -0.092848942 0.874286950
256.175260 0.639485538 -0.545804024 0.461934865 -0.002369674 0.367353529 -0.048174571 0.928829908
256.425260 0.669696987 -0.501793504 0.450926393 -0.017594449 0.292938262 -0.024861211 0.955646157
256.825259 0.667145729 -0.430434912 0.433190018 -0.050033920 0.204783738 0.003098917 0.977522731
257.825259 0.565592587 -0.345063418 0.201615348 -0.103183858 0.203683704 0.032167025 0.973052621
258.625259 0.675544739 -0.325706571 -0.174225911 -0.107730135 0.302084744 0.056483790 0.945488572
259.125259 0.739090204 -0.306719720 -0.409442484 -0.111301817 0.375199437 0.060013022 0.918278694
259.525259 0.762988508 -0.306670427 -0.598854959 -0.107284233 0.462010980 0.064717211 0.877979338
260.025259 0.823175192 -0.303077579 -0.817075014 -0.085438125 0.537457347 0.077540763 0.835360706
260.625258 0.760178030 -0.318286479 -0.918218434 -0.090340614 0.638864517 0.086678125 0.759063721
261.175259 0.576022267 -0.313144177 -0.954009950 -0.065708190 0.736860871 0.110353924 0.663732231
261.475258 0.469947517 -0.311975360 -0.989218712 -0.062850446 0.786551774 0.113556020 0.603731036
261.975258 0.348972082 -0.313196927 -1.053589225 -0.052371267 0.850841939 0.114120960 0.510197580
262.525258 0.314668894 -0.296693414 -1.150221586 -0.057488650 0.879016161 0.128818080 0.455446571
263.175258 0.557294130 -0.382276952 -1.314755440 -0.041756101 0.864112854 0.079400912 0.495238215
264.075258 0.840517044 -0.564254701 -1.481579781 0.019295858 0.853368223 0.010763473 0.520840168
266.325257 1.087239027 -0.442890882 -1.520181537 0.000311408 0.624381483 0.026858758 0.780657589
266.675257 1.099200726 -0.414892137 -1.446478486 -0.007901196 0.587399721 0.062479477 0.806842983
267.175257 1.076063991 -0.340581030 -1.321264982 -0.023247654 0.525375247 0.069729343 0.847689927
267.525257 1.040542841 -0.269570738 -1.246772051 -0.070643090 0.492228240 0.072617605 0.864550591
268.025257 0.948372960 -0.213402107 -1.155372143 -0.115565710 0.465686977 0.060419355 0.875288367
268.525256 0.796049774 -0.195414945 -0.999298990 -0.118612371 0.410535902 0.077726737 0.900749624
269.575256 0.689770222 -0.161077619 -1.157029033 -0.145204797 0.553795516 0.120907210 0.810930133
269.875256 0.638216376 -0.182839409 -1.270137548 -0.143243074 0.625303924 0.134742334 0.755196035
270.125256 0.575008988 -0.192971140 -1.348203301 -0.139605179 0.661854982 0.142048091 0.722689927
270.475256 0.469366193 -0.215514138 -1.392588139 -0.128650695 0.698722839 0.138560429 0.689953923
270.975256 0.237086415 -0.236696780 -1.366267443 -0.095816568 0.775789917 0.146289006 0.606274545
271.375256 0.075920105 -0.237533629 -1.347743988 -0.107982054 0.809216797 0.154052898 0.556575000
272.875256 -0.046401024 -0.347571045 -1.238298893 -0.049036041 0.947970808 0.126106456 0.288173497
273.175255 -0.080106020 -0.345727444 -1.100247502 -0.027193822 0.977998376 0.128668636 0.161938667
273.575255 -0.112903863 -0.351241738 -0.904077649 0.005372494 0.988398075 0.145138651 0.044443645
274.075255 -0.148705497 -0.366004348 -0.786844015 -0.015015976 -0.986254871 -0.148996308 0.069827855
274.525255 -0.204951972 -0.392558753 -0.806552172 -0.039676856 -0.978234053 -0.119137913 0.165197149
275.025255 -0.282587528 -0.420353681 -0.956140518 -0.054766405 -0.976636469 -0.098886691 0.182765618
275.475255 -0.375179172 -0.459233761 -1.098660827 -0.061594903 -0.976018965 -0.075643688 0.194604978
276.275255 -0.548065543 -0.421820998 -1.373251915 -0.075198121 -0.965345740 -0.084394917 0.235223964
276.825254 -0.799198389 -0.380184352 -1.560534954 -0.063321829 -0.977585018 -0.100238472 0.173983455
277.225254 -0.944532156 -0.361046672 -1.665422320 -0.020598201 -0.991246164 -0.098729230 0.085201405
277.725254 -1.049884319 -0.328345209 -1.887373447 -0.035631504 -0.992824495 -0.113692753 0.010194744
278.225254 -1.108044147 -0.319506824 -2.100408792 0.022543004 0.985750616 0.105824418 0.128797248
278.625254 -1.202748775 -0.309775472 -2.249179363 -0.021763857 0.960420668 0.109369710 0.255258292
279.325254 -1.291409731 -0.329076529 -2.597405672 -0.003622624 0.922627628 0.114075303 0.368418127
279.975254 -1.331374884 -0.331943452 -2.970304966 -0.044453029 0.832849383 0.092690758 0.543869734
280.375253 -1.298948288 -0.322174162 -3.167371273 -0.043859500 0.799482048 0.095475599 0.591429770
280.825253 -1.193089962 -0.355558634 -3.362876892 -0.044139843 0.768510818 0.086937375 0.632364392
281.425254 -1.027317524 -0.373495370 -3.516192675 -0.055756412 0.652717948 0.054202732 0.753599763
281.975253 -0.903014541 -0.379433751 -3.567821026 -0.052847460 0.567627609 0.059536077 0.819427550
282.275253 -0.782562733 -0.398390293 -3.607588053 -0.052963279 0.527385414 0.040248375 0.847018063
282.775253 -0.616091967 -0.397283524 -3.601157188 -0.049563330 0.402404964 0.041753709 0.913165033
283.225253 -0.592768550 -0.415086299 -3.552345037 -0.065539233 0.284465849 0.021799447 0.956194818
283.375253 -0.600920141 -0.421139926 -3.529479504 -0.058227472 0.249337420 0.015641570 0.966538012
283.475253 -0.614530265 -0.428321958 -3.504665852 -0.052769527 0.226011977 0.013597468 0.972599149
283.575253 -0.627296507 -0.434684128 -3.479603291 -0.047872379 0.205255881 0.011885402 0.977464616
283.725253 -0.647106051 -0.453540206 -3.448919773 -0.041281667 0.185029507 0.004619843 0.981854677
284.025253 -0.675155222 -0.512185037 -3.409809351 -0.049474515 0.179697841 -0.009870521 0.982427359
284.325252 -0.707172692 -0.557168782 -3.368577003 -0.046018258 0.179998711 -0.026099652 0.982243180
284.475253 -0.734633982 -0.573235035 -3.335779428 -0.044034444 0.166131496 -0.042283889 0.984212041
284.625253 -0.768593609 -0.582832992 -3.294184923 -0.041619539 0.144171357 -0.049655717 0.987429380
284.775253 -0.810055494 -0.587542534 -3.247465611 -0.034467258 0.118069433 -0.051357720 0.991077185
284.875252 -0.841615558 -0.585225582 -3.218040228 -0.029439965 0.097916365 -0.048607599 0.993570864
284.975253 -0.874948919 -0.585053205 -3.185848236 -0.025012903 0.077462055 -0.047015529 0.995571971
285.125253 -0.919141769 -0.578514040 -3.145231724 -0.019804422 0.046235401 -0.038058259 0.998008847
285.425253 -1.000263572 -0.542444229 -3.061405182 -0.027280238 -0.016715771 -0.017909156 0.999327600
285.725252 -1.051123738 -0.485516161 -2.993140459 -0.036375143 -0.093539387 0.000764494 0.994950593
286.125252 -1.052529573 -0.379338562 -2.908993483 -0.069552407 -0.181424499 0.012189685 0.980866492
286.575252 -1.039427757 -0.244101733 -2.869090080 -0.115327477 -0.265052706 -0.026062058 0.956957400
286.975252 -1.003861904 -0.140395850 -2.877168179 -0.159097672 -0.291371465 -0.032485329 0.942727625
287.575252 -1.036439180 -0.062291294 -2.932853937 -0.178253382 -0.338085771 -0.027953548 0.923657060
287.975252 -1.154235601 -0.049119174 -2.985367298 -0.184911534 -0.437384218 -0.049369715 0.878672540
288.375251 -1.266945243 -0.092912316 -3.013303280 -0.151919380 -0.506395519 -0.052859031 0.847165883
288.575252 -1.308838129 -0.121113390 -3.014598846 -0.133851916 -0.518334806 -0.054176211 0.842898428
288.775251 -1.345842242 -0.157688528 -3.008190393 -0.120787047 -0.519453287 -0.050472137 0.844411850
288.975252 -1.377611041 -0.201036215 -2.994825125 -0.125462994 -0.509082735 -0.045003485 0.850334346
289.175251 -1.410570621 -0.261424601 -2.979547262 -0.118647277 -0.502295792 -0.042552095 0.855459571
289.275251 -1.423801303 -0.298971027 -2.972677946 -0.109451450 -0.497710347 -0.042840514 0.859342456
289.375251 -1.433856249 -0.338911444 -2.968313694 -0.099738047 -0.493486792 -0.039054316 0.863132596
289.425252 -1.437047482 -0.359525502 -2.967757702 -0.093249477 -0.489954442 -0.038811568 0.865876913
289.625251 -1.441495419 -0.429176867 -2.975776196 -0.077180594 -0.481406838 -0.042616829 0.872051835
289.875251 -1.436008692 -0.494272768 -2.988609552 -0.053065259 -0.463184416 -0.050017811 0.883256733
290.675251 -1.366032124 -0.638743818 -3.015185833 -0.025229130 -0.364426941 -0.048903558 0.929604769
292.975251 -1.019907713 -0.271773249 -2.975175142 -0.065392055 -0.061614264 -0.009866902 0.995906711
293.425251 -1.022195578 -0.154337376 -2.862796068 -0.122491769 -0.043153860 0.013288087 0.991441846
293.625250 -1.023640871 -0.119011804 -2.832899809 -0.155248895 0.001349499 0.012505631 0.987795293
293.925251 -1.049564123 -0.093279898 -2.805015087 -0.162072077 0.114681520 0.026001889 0.979747295
294.125250 -1.056352139 -0.103024624 -2.793452978 -0.144252479 0.199374348 0.050873578 0.967911661
294.225250 -1.060646534 -0.118404552 -2.794858217 -0.136178792 0.236933917 0.063884094 0.959810674
294.325250 -1.060585380 -0.133250087 -2.800079823 -0.130575225 0.266464382 0.071385905 0.952287197
294.425250 -1.059526443 -0.147674426 -2.790520668 -0.127348036 0.288841009 0.079616316 0.945523441
294.675250 -1.049254894 -0.181708783 -2.735246658 -0.109325498 0.318816066 0.095238596 0.936661065
294.775250 -1.040788531 -0.192203492 -2.700391054 -0.096823081 0.326308012 0.095507041 0.935428679
294.925251 -1.029470444 -0.219633192 -2.647769928 -0.079604089 0.340765238 0.090301789 0.932409704
295.125250 -1.005053759 -0.260752082 -2.591846466 -0.064238735 0.378152162 0.102741830 0.917779088
295.375250 -1.014932513 -0.310117006 -2.564155579 -0.039918251 0.424784005 0.093501300 0.899568021
295.775250 -1.139353871 -0.403780162 -2.582382679 0.004010748 0.495166302 0.072814338 0.865732312
296.275250 -1.319635034 -0.433648080 -2.673675060 0.018472310 0.593078315 0.062863678 0.802474320
296.775249 -1.432744861 -0.414085805 -2.800323486 -0.018055895 0.674170196 0.069171704 0.735108018
297.075249 -1.490748525 -0.361864567 -2.840170622 -0.040022910 0.705924332 0.097858034 0.700352013
297.325249 -1.523020744 -0.318873286 -2.870564938 -0.052896772 0.729057789 0.136748418 0.668563068
297.625250 -1.554055929 -0.277162462 -2.907844543 -0.063494638 0.759285033 0.155345395 0.628746867
298.075249 -1.596940756 -0.244132429 -2.980198860 -0.080319270 0.802124977 0.170896009 0.566514730
298.575249 -1.623242855 -0.232309520 -3.052915335 -0.089281179 0.840480983 0.179882169 0.503252387
299.625249 -1.465240240 -0.183096409 -2.843336582 -0.136883467 0.686114907 0.160601854 0.696215689
299.875249 -1.438306093 -0.174528241 -2.753009796 -0.146228746 0.629268229 0.155004740 0.747403622
300.225249 -1.366221070 -0.170732200 -2.603089809 -0.152552515 0.537868083 0.149442241 0.815532207
300.575249 -1.339633465 -0.151227862 -2.460938931 -0.158507422 0.431657463 0.129009381 0.878580570
300.925249 -1.202994704 -0.285890788 -2.371139050 -0.213254973 0.284945488 0.100865968 0.929061055
301.275248 -1.190341711 -0.294562936 -2.300751925 -0.219327584 0.153778613 0.073445015 0.960652590
301.775248 -1.243775010 -0.293331623 -2.278356314 -0.226924047 -0.002128609 0.041045923 0.973044813
302.075248 -1.302591205 -0.295329124 -2.295614243 -0.218919799 -0.097185649 0.030936943 0.970397830
302.325248 -1.355653882 -0.303131044 -2.341884851 -0.219813183 -0.195395648 0.016786143 0.955625951
302.675248 -1.403471947 -0.319203824 -2.410712719 -0.222266451 -0.334397078 -0.011998253 0.915768743
302.975248 -1.488208652 -0.327550173 -2.472015142 -0.216019079 -0.420203149 -0.023948301 0.881017327
303.275248 -1.590919375 -0.323325247 -2.487741709 -0.211685598 -0.504095078 -0.033929851 0.836615801
303.475248 -1.676247001 -0.316985756 -2.491352320 -0.202867851 -0.553969979 -0.042081118 0.806344271
303.575248 -1.715369105 -0.316041946 -2.495892763 -0.197553441 -0.576700211 -0.044614427 0.791453779
303.625248 -1.734108448 -0.317167044 -2.500705719 -0.195347697 -0.589112818 -0.047066033 0.782668591
303.725248 -1.768702984 -0.315817922 -2.515417099 -0.187944114 -0.615003943 -0.053786326 0.763907194
303.825248 -1.800524235 -0.313367456 -2.531854391 -0.185388342 -0.635503411 -0.059712131 0.747128546
303.875248 -1.814808369 -0.313391894 -2.540845394 -0.183526948 -0.643679380 -0.061602090 0.740405202
303.925248 -1.829604387 -0.312890083 -2.549267054 -0.183503076 -0.650828600 -0.062787086 0.734034419
304.025248 -1.859169960 -0.311839014 -2.566419840 -0.182247505 -0.660757482 -0.066268638 0.725116491
304.125248 -1.887625933 -0.311662316 -2.583120823 -0.180179074 -0.665124476 -0.066134356 0.721644759
304.225248 -1.926999569 -0.310559541 -2.598377228 -0.175707549 -0.666667938 -0.065246806 0.721403897
304.425248 -1.991250515 -0.314350754 -2.621194839 -0.175573260 -0.653211057 -0.056170899 0.734393775
304.625248 -2.064648628 -0.323508680 -2.638556480 -0.172991037 -0.644735098 -0.047113623 0.743082225
304.825247 -2.129335642 -0.332004279 -2.655058622 -0.172586814 -0.635282159 -0.039482698 0.751712382
304.925248 -2.158368826 -0.337739468 -2.660387278 -0.172032088 -0.633159578 -0.036032591 0.753800750
305.025248 -2.189137459 -0.340764165 -2.663784504 -0.172135159 -0.631242454 -0.029698076 0.755658984
305.275247 -2.266960621 -0.350281835 -2.663476467 -0.173126236 -0.625072718 -0.020795187 0.760840893
305.975247 -2.600695610 -0.381452084 -2.562587976 -0.168785781 -0.600074530 0.006032993 0.781911492
306.775247 -2.863642693 -0.429746687 -2.390315294 -0.185243681 -0.494628072 0.031613734 0.848544896
308.075247 -3.381828308 -0.347806990 -2.000954151 -0.173339993 -0.584139943 -0.027588099 0.792447269
308.675247 -3.739636660 -0.374554574 -1.917591095 -0.123965852 -0.636890233 -0.007010839 0.760890365
309.475246 -4.122760773 -0.370051861 -1.830978394 -0.101964869 -0.742295027 0.020071112 0.661965609
310.825246 -4.582663059 -0.411760539 -1.956910133 -0.093378492 -0.888865709 -0.011855524 0.448394567
311.475246 -4.574810982 -0.410243869 -2.052192688 -0.087591603 -0.962075412 -0.012576424 0.258032054
312.425246 -4.423788071 -0.340707183 -1.855695248 -0.068827234 -0.992744148 -0.039294247 0.090431876
313.025245 -4.250970840 -0.267897904 -1.736607313 0.054400783 0.995065808 0.070986934 0.042960070
313.375245 -4.157089233 -0.242621005 -1.719781041 0.048687231 0.989136040 0.083299734 0.110908456
313.725245 -4.056487560 -0.186429158 -1.723675013 0.021274680 0.975774705 0.107688501 0.189246580
314.075245 -3.966364384 -0.158329710 -1.702771664 -0.012019170 0.960096776 0.129896775 0.247379273
314.775245 -3.806262970 -0.308516949 -1.720907807 0.008085200 0.937217414 0.094668783 0.335553259
315.375245 -3.745955944 -0.462638140 -1.744745016 0.027437409 0.918694913 0.046208400 0.391294926
316.675244 -3.907160282 -0.548706472 -1.734131336 0.014392679 0.936722875 -0.005343543 0.349735051
317.375244 -4.153047085 -0.528284729 -1.755981207 0.021940215 0.985695183 0.001403305 0.167097986
318.325244 -4.468509197 -0.479368925 -1.808138371 -0.021588728 -0.995902598 0.000995420 0.087812223
319.225244 -4.664164543 -0.450713873 -1.768089294 -0.081227608 -0.887343168 -0.015700689 0.453627259
319.725244 -4.752677441 -0.398446620 -1.699122906 -0.066963024 -0.824028671 -0.008440609 0.562513411
320.225244 -4.818039417 -0.356138796 -1.667576790 -0.090865351 -0.776290834 -0.016149398 0.623582661
320.325243 -4.817192554 -0.349957079 -1.668498993 -0.104426689 -0.761060834 -0.023158910 0.639800847
320.525244 -4.797187805 -0.346157759 -1.691702604 -0.127328411 -0.723574400 -0.036533821 0.677416325
320.725243 -4.759936333 -0.337376535 -1.718444824 -0.147851184 -0.682587862 -0.045518201 0.714242220
321.075244 -4.667142868 -0.306668460 -1.801647425 -0.184452787 -0.613250375 -0.045581508 0.766696453
321.425244 -4.564587116 -0.290374160 -1.822782278 -0.215408921 -0.544664919 -0.051894609 0.808854818
321.925244 -4.465723515 -0.276991010 -1.781062722 -0.234945178 -0.436056018 -0.049782820 0.867281735
322.475243 -4.453235149 -0.303202868 -1.711364269 -0.224591330 -0.268582076 -0.025739724 0.936354578
322.875243 -4.456174850 -0.386637896 -1.722125649 -0.184322685 -0.174852386 -0.019963425 0.966981530
323.425243 -4.428673744 -0.583402455 -1.876134634 -0.128163785 -0.065663539 -0.004247521 0.989567757
324.025243 -4.299708366 -0.742751837 -2.017708540 -0.053393424 0.032130715 0.001944925 0.998054624
325.525242 -4.045342922 -0.686022818 -2.160746336 -0.069334507 0.277187556 -0.017478611 0.958151519
326.325242 -4.000554085 -0.515113294 -2.172695398 -0.124687418 0.408616036 0.015902307 0.904009521
326.775242 -4.104658604 -0.425396204 -2.162834406 -0.116200261 0.544710219 0.031598188 0.829933703
327.175242 -4.179238319 -0.338491857 -2.163917065 -0.115301900 0.627753675 0.050897624 0.768140733
327.825242 -4.241445541 -0.237856805 -2.162186146 -0.137091279 0.690492153 0.030708579 0.709565818
328.425242 -4.274883747 -0.289968669 -2.222771168 -0.093016885 0.743704617 0.021817939 0.661645889
329.725241 -3.901072502 -0.364434838 -2.128375292 -0.075843327 0.658313513 0.024012562 0.748528302
330.075241 -3.802243948 -0.373369873 -2.015613317 -0.086503893 0.571071506 0.027440494 0.815868497
330.425241 -3.775806665 -0.350363016 -1.871979475 -0.091266632 0.501006603 0.038336203 0.859763443
330.825241 -3.815969229 -0.344777822 -1.687765002 -0.097795568 0.397945821 0.042358913 0.911197543
332.175241 -3.888899565 -0.596472502 -1.421208262 -0.031991672 0.233586371 -0.149757653 0.960201323
332.725240 -3.912193298 -0.586864591 -1.247609854 -0.031855308 0.115934595 -0.062641159 0.990767658
333.425241 -3.962322950 -0.586280525 -1.095874190 -0.023036029 -0.020927614 -0.023766410 0.999233007
334.075240 -4.092981339 -0.465868950 -1.037021399 -0.111516863 -0.179414600 -0.004208347 0.977423489
334.475241 -4.189315796 -0.394462377 -1.099627256 -0.146754071 -0.283497274 -0.020358022 0.947458744
334.775240 -4.189960480 -0.389490217 -1.203660965 -0.144618824 -0.347224772 -0.056301989 0.924851596
334.925240 -4.174713612 -0.384906590 -1.265389442 -0.145779416 -0.390538067 -0.075994536 0.905788720
335.275240 -4.110107422 -0.375492126 -1.383131623 -0.175856188 -0.465000570 -0.092974715 0.862673104
335.675240 -4.032233715 -0.316745728 -1.427733660 -0.217798784 -0.524814129 -0.110056132 0.815488398
336.125240 -3.916134834 -0.260627598 -1.430921912 -0.221925780 -0.568622589 -0.180522561 0.771251500
337.325239 -4.078254223 -0.275907874 -1.631896973 -0.151068866 -0.743389785 -0.183299825 0.625260770
338.025239 -4.356975079 -0.246145606 -1.812952042 -0.151438355 -0.793644488 -0.176904589 0.562049508
338.425239 -4.463040829 -0.240679026 -1.946345806 -0.138002336 -0.847492039 -0.173008040 0.482473671
338.725239 -4.521721840 -0.245443106 -2.028971195 -0.108346798 -0.906243622 -0.165214196 0.373748273
339.275239 -4.556308746 -0.301787376 -2.019040585 -0.052158020 -0.962302566 -0.137436569 0.228832915
340.775239 -4.337524891 -0.350145340 -1.795088530 0.031659231 0.997630358 0.060577817 0.007856242
341.525238 -4.353767872 -0.376100540 -1.586375952 0.022918276 0.987072945 0.095822304 0.126411393
342.225238 -4.297563076 -0.393182904 -1.294339299 0.018743690 0.983019412 0.081180833 0.163496614
342.925238 -4.146433830 -0.390822768 -1.154753327 0.004030626 0.974984348 0.056429066 0.214953765
344.875237 -3.741834402 -0.446004122 -1.723610640 0.011498403 0.954657137 0.021683378 0.296694219
345.925238 -3.636487246 -0.597785294 -2.451522827 -0.010853427 0.919077516 0.005972576 0.393882096
346.775237 -3.374788761 -0.445669472 -2.880908966 -0.002555207 0.918656349 0.105336741 0.380746812
347.325237 -3.279733658 -0.241258383 -3.012573481 -0.041890156 0.912741363 0.150894910 0.377331614
347.825237 -3.146539450 -0.107751071 -3.032982826 -0.087197646 0.869807482 0.144987151 0.463476270
348.075237 -3.077656746 -0.075834274 -3.008847713 -0.102258965 0.834452629 0.152174652 0.519687176
348.275237 -2.991658926 -0.081408739 -2.996697187 -0.108326472 0.799828827 0.136211991 0.574443638
348.425237 -2.919851542 -0.098565698 -2.989916801 -0.101634704 0.777642071 0.119795717 0.608762801
348.725236 -2.781300068 -0.177455425 -3.030842304 -0.086001687 0.754954100 0.089485846 0.643925786
349.125236 -2.588809967 -0.267530501 -3.062653542 -0.090815283 0.701919913 0.079221308 0.701986492
349.275236 -2.489437342 -0.279938191 -3.050029039 -0.082390048 0.666765749 0.063391663 0.737981558
349.425237 -2.395406008 -0.298438847 -3.036847830 -0.078672439 0.636559069 0.052878361 0.765380383
349.575237 -2.300360918 -0.306676924 -3.018100500 -0.077013820 0.601863682 0.044063479 0.793654442
349.675236 -2.242692947 -0.311701119 -3.005871773 -0.075780720 0.585763931 0.044829369 0.805684924
349.875236 -2.118057728 -0.318021387 -2.967701435 -0.064404316 0.560307503 0.043911155 0.824608624
349.975237 -2.048242092 -0.323433787 -2.945224524 -0.056484334 0.552630961 0.035760861 0.830740452
350.275236 -1.829946995 -0.362088710 -2.869852781 -0.053211439 0.524916947 0.039356291 0.848576367
350.525237 -1.700970650 -0.352954149 -2.721199274 -0.050102938 0.466361463 0.028102018 0.882727027
350.625236 -1.654807568 -0.348745674 -2.662189484 -0.046296127 0.434915066 0.024380906 0.898950040
350.775236 -1.589032888 -0.334484041 -2.570731401 -0.040953044 0.377840281 0.016226819 0.924822271
350.975236 -1.504233718 -0.328430533 -2.444911957 -0.043835007 0.294174522 0.008660202 0.954706669
351.075236 -1.469985247 -0.327901095 -2.388700962 -0.046491612 0.254900068 0.008462930 0.965812027
351.175236 -1.443889856 -0.324155599 -2.341694832 -0.050319683 0.220184520 -0.001959185 0.974157572
351.275236 -1.419111013 -0.319321126 -2.298937082 -0.053612661 0.194675490 0.002242865 0.979398906
351.375236 -1.395214915 -0.310581952 -2.258065462 -0.054895017 0.174396157 0.009148968 0.983101606
351.475236 -1.367266655 -0.299576372 -2.209268808 -0.057908941 0.160243213 0.011480168 0.985310555
351.625236 -1.313257813 -0.289594412 -2.132730484 -0.055482529 0.148663059 0.012734354 0.987248123
351.725236 -1.272003531 -0.290489048 -2.074362278 -0.048589144 0.150066018 0.011905416 0.987409532
351.825236 -1.228588104 -0.293756217 -2.016080379 -0.045060400 0.159161240 0.012430470 0.986145437
351.925236 -1.180879831 -0.303762108 -1.970792890 -0.040830132 0.171036735 0.013114073 0.984330952
352.225236 -1.052990317 -0.305937350 -1.846894383 -0.046803001 0.192997441 0.010488166 0.980026305
352.475236 -0.935261428 -0.298601031 -1.739620209 -0.043175273 0.188969985 0.004233127 0.981024146
352.675236 -0.823417842 -0.301009446 -1.640887976 -0.046287604 0.185663685 0.001065713 0.981521964
352.925236 -0.702207267 -0.306413710 -1.550733566 -0.044717733 0.191515371 0.000490013 0.980470300
353.275235 -0.512251794 -0.318556666 -1.462085485 -0.040894087 0.228299171 0.005341636 0.972717166
353.675235 -0.281599134 -0.366489768 -1.358790636 -0.019738287 0.301859558 0.011623195 0.953077197
354.375235 0.072626352 -0.386003166 -1.244765759 -0.036725067 0.418283850 0.007826588 0.907539904
354.875235 0.254638493 -0.382497847 -1.232934594 -0.054532029 0.522688508 0.019601243 0.850552082
355.275235 0.354662418 -0.441471249 -1.220620751 -0.055340860 0.655677617 0.028542344 0.752469003
355.725235 0.436573148 -0.455564171 -1.289990902 -0.052706268 0.765415728 0.023595149 0.640940011
356.675235 0.545134425 -0.470837414 -1.608350277 -0.042286634 0.883213937 0.016210457 0.466778576
357.175234 0.508817554 -0.456563652 -1.751303554 -0.032815024 0.941815376 0.012354832 0.334296823
357.425235 0.497428298 -0.455643386 -1.740452766 -0.026454546 0.963023782 0.020154890 0.267355889
357.525234 0.470259786 -0.430345833 -1.762362003 -0.025439287 0.964354992 0.018069403 0.262765706
357.725234 0.493457735 -0.406883597 -1.731087208 -0.028631158 0.959153593 0.041969426 0.278286338
358.275234 0.617044210 -0.335395813 -1.606016397 -0.026710147 0.922263622 0.099111274 0.372684062
358.825234 0.691735029 -0.338821232 -1.435943365 -0.048568238 0.839041054 0.101275645 0.532347977
359.275234 0.780583978 -0.361029565 -1.263827085 -0.039976548 0.750091136 0.084907815 0.654641747
359.575234 0.817584991 -0.371751696 -1.084077597 -0.037333395 0.673561335 0.067763954 0.735071003
359.925234 0.788275540 -0.357692629 -0.902808487 -0.029905757 0.589475691 0.055405859 0.805328667
360.525234 0.754386067 -0.332980752 -0.662965834 -0.032292422 0.395748466 0.052827928 0.916269362
360.875233 0.721998215 -0.341186762 -0.511252463 -0.040288053 0.271807015 0.052657604 0.960065126
361.325233 0.667003095 -0.353444904 -0.346302450 -0.046990704 0.109501116 0.046620831 0.991780162
361.475233 0.621674478 -0.352182537 -0.318063289 -0.047975052 0.061003383 0.050816547 0.995688081
362.625233 0.297675848 -0.229930863 -0.077342860 -0.090983458 -0.067280345 0.078481711 0.990472674
363.425233 0.137576550 -0.094246484 0.069372587 -0.049519483 -0.052742530 0.085004039 0.993750751
