16.325321 0.000000000 0.000000000 0.000000000 -0.000000000 -0.000000000 -0.000000000 1.000000000
19.675319 -0.056805823 -0.254073948 -0.035396479 0.010083676 0.022842351 0.011194757 0.999625564
19.725319 -0.069776364 -0.278444529 -0.049017850 0.010691337 0.029139843 0.006184104 0.999499083
20.175320 -0.092564978 -0.412624061 -0.195048094 0.011129992 0.066397123 -0.003346826 0.997725606
22.475319 0.021715639 -0.515395820 -0.712889135 -0.035085995 0.058803156 -0.000018410 0.997652888
24.075318 0.097078912 -0.481183678 -0.584206760 -0.025189180 -0.145092517 0.011734102 0.989027798
24.575318 -0.057882193 -0.470574588 -0.604399920 -0.026320361 -0.270403415 0.012412318 0.962307274
25.025318 -0.190322518 -0.462700307 -0.558851540 -0.010575317 -0.423345447 0.021094851 0.905660987
25.325318 -0.230082542 -0.470820069 -0.597019196 -0.006920037 -0.501327217 0.026043354 0.864838064
25.675318 -0.238890886 -0.473222494 -0.672479153 -0.011095938 -0.582005203 0.039722633 0.812138498
25.925318 -0.221497953 -0.468365550 -0.735896170 -0.022794090 -0.640072107 0.040422387 0.766912162
26.225318 -0.165141523 -0.469674885 -0.819847882 -0.011325114 -0.713300169 0.025005857 0.700320899
26.575318 -0.129112959 -0.483175486 -0.906028986 -0.012117928 -0.795210004 0.049391091 0.604197681
26.925317 -0.089135408 -0.494123846 -1.025405645 -0.000201827 -0.869342744 0.047551207 0.491916806
27.175318 -0.033840299 -0.503792524 -1.098200202 0.009120292 -0.912357152 0.047705140 0.406504095
27.375318 0.039440870 -0.505525351 -1.167422771 0.004985652 -0.939262629 0.046976291 0.339932472
27.625317 0.162945986 -0.505030870 -1.234736323 0.003175205 -0.964842200 0.048646688 0.258269161
27.925318 0.301573992 -0.505878925 -1.277873158 0.001473063 -0.985054195 0.053465970 0.163729683
28.225317 0.463641226 -0.502242208 -1.280529022 0.003685586 -0.997615814 0.049519170 0.047927007
28.425317 0.575559199 -0.507433772 -1.271374464 -0.003745110 0.998295903 -0.048657488 0.031996123
28.525317 0.556515157 -0.538529515 -1.213991642 0.000161956 0.994847536 -0.042713676 0.091945447
28.575317 0.581616402 -0.549994826 -1.210812211 -0.000271389 0.992794216 -0.039494283 0.113136478
28.825317 0.659524322 -0.534539580 -1.223211527 0.003275668 0.972634315 -0.046262298 0.227665558
29.225317 0.794661880 -0.531835794 -1.123424530 -0.005962912 0.918706834 -0.055692855 0.390948325
29.775317 0.849187791 -0.533147812 -0.961142123 -0.002041375 0.839896977 -0.061253320 0.539274454
30.175317 0.840608954 -0.504760921 -0.802383304 -0.002603971 0.771693051 -0.039528906 0.634760201
30.475317 0.837433815 -0.487630546 -0.694036305 -0.002928653 0.699673295 -0.029340249 0.713854194
30.925317 0.853901207 -0.488919914 -0.609069943 -0.005364473 0.584691525 -0.032861453 0.810572207
31.275316 0.823598266 -0.483319104 -0.544574559 -0.009068733 0.487633049 -0.029628262 0.872498751
31.675316 0.732544601 -0.477277786 -0.443437397 -0.006818734 0.393499762 -0.016150156 0.919157624
32.125316 0.559742391 -0.471975237 -0.311976045 -0.007897870 0.268949002 0.002562970 0.963118613
32.625316 0.403752625 -0.462916076 -0.178601891 -0.012165561 0.104914233 0.003593184 0.994400382
33.125316 0.294608265 -0.468942493 -0.146639317 -0.009743438 -0.032242604 0.007941940 0.999401033
33.675316 0.190470666 -0.473443687 -0.187710255 -0.012034760 -0.150503829 0.024418827 0.988234580
34.375316 0.132370904 -0.487688303 -0.213806525 -0.011472711 -0.328194737 0.024889832 0.944212437
34.925316 0.012578622 -0.502722323 -0.370913327 -0.012208983 -0.471293807 0.037706237 0.881085336
35.225316 -0.048488498 -0.518922865 -0.507727087 -0.014887112 -0.535566688 0.048250798 0.842981935
36.525315 -0.141990304 -0.510651231 -0.978071332 -0.009583755 -0.798823595 0.056926224 0.598789155
37.025315 -0.052011490 -0.515288711 -1.199722528 -0.022775667 -0.872225583 0.050860822 0.485918701
37.275315 -0.047850251 -0.530796647 -1.284350634 -0.016581371 -0.908295870 0.054737307 0.414400190
37.925315 0.161638260 -0.527296185 -1.466032743 -0.025159601 -0.972527266 0.053337514 0.225195199
38.225315 0.262998343 -0.521961689 -1.523378849 -0.029996732 -0.990965426 0.047821220 0.121658929
38.475315 0.337390959 -0.525520682 -1.559004426 -0.015067180 -0.998216391 0.047003057 0.033583447
38.625315 0.376296431 -0.527838707 -1.563381433 0.011630125 0.998625517 -0.050333876 0.008852928
38.725314 0.387099952 -0.535055816 -1.553597927 0.012823697 0.998083115 -0.046443041 0.038841661
38.775315 0.410964787 -0.540048003 -1.557005882 0.013368526 0.997696340 -0.045760341 0.048262663
38.825315 0.418905377 -0.547487378 -1.550653338 0.012360832 0.996976972 -0.044009428 0.062828012
40.375314 0.820221126 -0.535742760 -1.136176586 0.010399607 0.840254724 -0.022164516 0.541638792
41.175314 0.844054937 -0.502635300 -0.841252327 0.024850784 0.668863475 -0.003015530 0.742963672
42.075314 0.709388793 -0.455423445 -0.577395976 0.020632705 0.439785093 0.038795307 0.897027493
42.475314 0.610820889 -0.442849517 -0.454949051 0.013441714 0.340275228 0.054651599 0.938640177
43.825314 0.399308562 -0.404084176 0.016891863 0.015594578 0.229152560 0.069607660 0.970773280
44.475313 0.344814539 -0.384335488 0.358859599 0.016609427 0.225638911 0.034950018 0.973442197
45.025313 0.315284848 -0.382262290 0.668702245 0.013950701 0.195113227 0.035091221 0.980053484
45.425313 0.219524756 -0.370829701 0.899463892 0.001829915 0.148707390 0.055177264 0.987339020
45.875313 0.093490437 -0.357587904 1.052715898 -0.000384556 0.038996302 0.049504466 0.998012304
46.175313 0.024855871 -0.361486822 1.093248248 0.008715670 -0.067750707 0.057589281 0.996000707
46.375313 0.007338015 -0.357453197 1.123217583 0.004456638 -0.162764564 0.060837831 0.984777451
46.575313 -0.018131852 -0.344804585 1.147759318 -0.010373278 -0.254503310 0.053729389 0.965522468
47.075313 0.100164711 -0.324753284 1.474305272 -0.027942613 -0.543772697 0.062596291 0.836428225
47.625312 -0.061544657 -0.362113446 1.296589613 -0.027128488 -0.697681069 0.062987924 0.713118374
47.875312 -0.108445287 -0.365054131 1.162857533 -0.021507120 -0.770376265 0.042627409 0.635799348
48.125312 -0.094121456 -0.376622170 1.107605934 -0.022265138 -0.851780176 0.032045282 0.522444129
48.475312 -0.068439364 -0.348939419 1.084769487 -0.033692386 -0.906975389 0.027256295 0.418948203
48.875312 -0.164680004 -0.361994773 1.115427732 -0.014835490 -0.919685364 0.046001863 0.389669865
49.175312 -0.291971564 -0.368468821 1.157532454 -0.013593677 -0.915120482 0.036494706 0.401295334
49.475312 -0.394400358 -0.362262994 1.197414398 -0.005344588 -0.927186072 0.038294557 0.372600257
49.675312 -0.468581319 -0.358615249 1.248513341 0.004030390 -0.936671019 0.034697328 0.348464161
49.775312 -0.510525107 -0.350616902 1.277762413 0.008102957 -0.938416839 0.027671125 0.344300032
49.975312 -0.592945933 -0.348639190 1.327535510 0.012127357 -0.938941777 0.018391537 0.343370289
50.175312 -0.675416350 -0.339452446 1.350326300 -0.000980432 -0.937493920 0.020937568 0.347369969
50.375312 -0.769538999 -0.332037568 1.349300981 -0.004184240 -0.933852792 0.026018417 0.356685460
50.625312 -0.894160986 -0.345112413 1.327491760 0.005025364 -0.926325202 0.021526234 0.376075894
50.775312 -0.975368261 -0.355270505 1.312618971 0.002644245 -0.923104107 0.026647011 0.383616805
50.975312 -1.085584044 -0.347104788 1.283542037 0.011414967 -0.936603963 0.027657507 0.349110007
51.125311 -1.174491286 -0.340306342 1.258405447 0.004139750 -0.943463981 0.022881582 0.330658495
51.275312 -1.258643150 -0.335012764 1.231984615 0.010128360 -0.954128265 0.022685863 0.298365593
51.425311 -1.340328574 -0.331583172 1.208779573 0.005904512 -0.961466312 0.012804729 0.274560988
51.575311 -1.414470434 -0.329058319 1.190235019 0.012000526 -0.964835584 0.010448164 0.262372136
51.675311 -1.461746812 -0.328850836 1.179340601 0.001341695 -0.965540767 0.008829368 0.260098577
52.025311 -1.608960867 -0.319257349 1.103555322 0.002696466 -0.967921793 0.010285726 0.251026541
52.375311 -1.783396721 -0.320750207 1.008497238 0.007650435 -0.949576318 0.006933968 0.313365936
52.625311 -1.895483136 -0.314359516 0.985643387 -0.000585330 -0.918679953 0.023323989 0.394313186
53.925311 -1.905822992 -0.316465676 0.835895061 -0.009521503 -0.877585649 0.023002636 0.478773087
54.225311 -1.772240400 -0.318479300 0.799718261 -0.007351310 -0.853610158 0.017546589 0.520564854
54.725311 -1.639922619 -0.322952956 0.740011096 -0.015935209 -0.819297552 0.001283409 0.573145628
55.425310 -1.852754354 -0.307116747 0.704664588 -0.035973951 -0.744894207 0.002615562 0.666206956
55.775310 -2.048043966 -0.309897721 0.675868511 -0.058564235 -0.682230473 0.010709279 0.728709280
56.125310 -2.231148005 -0.316886485 0.686021805 -0.061240684 -0.595910013 0.012166093 0.800620317
56.575310 -2.413802862 -0.329636991 0.722248793 -0.066787913 -0.489751875 0.025280684 0.868932366
57.075310 -2.570367336 -0.346717358 0.866134167 -0.104353525 -0.333147258 0.070986778 0.934389710
57.675310 -2.617547035 -0.299275458 1.089017272 -0.136702120 -0.196356669 0.082388148 0.967454851
58.775310 -2.594532013 -0.358562440 0.913185000 -0.095609404 -0.532780886 0.050648935 0.839308083
59.075310 -2.564097643 -0.355535924 0.835025549 -0.082000412 -0.658357978 0.032797769 0.747505844
59.275309 -2.524975777 -0.347617269 0.782438517 -0.069493987 -0.724274099 0.019580940 0.685721695
59.425309 -2.493800640 -0.350524247 0.751117945 -0.061946027 -0.758753538 0.014717002 0.648258567
59.525309 -2.469293118 -0.352473855 0.732977390 -0.060516119 -0.785311639 0.007378663 0.616091728
59.675309 -2.418687344 -0.353911787 0.704525948 -0.045726746 -0.808449686 0.004171019 0.586771488
59.875309 -2.339471340 -0.365494907 0.681068897 -0.039188139 -0.832426846 -0.001867685 0.552744508
60.025309 -2.265556335 -0.371392310 0.674350262 -0.030563364 -0.851231992 -0.006551899 0.523857832
60.175309 -2.171219826 -0.374935180 0.675633907 -0.014921222 -0.879910648 -0.003273963 0.474893570
60.425309 -2.023443937 -0.381576538 0.696285963 -0.016304648 -0.908894360 -0.007022834 0.416648328
60.825310 -1.899219751 -0.379376233 0.803450704 -0.039938901 -0.910497010 -0.004359316 0.411559373
61.575309 -1.808928967 -0.306830347 1.057483435 -0.043981262 -0.899643123 -0.024524331 0.433712423
62.075309 -1.615397453 -0.289890647 1.129339218 -0.061634809 -0.898325205 -0.034428645 0.433621585
62.525309 -1.384201646 -0.284649163 1.074266195 -0.056237336 -0.937277734 -0.025930520 0.343038619
62.825309 -1.246862769 -0.291634291 1.063507557 -0.054425765 -0.964003026 -0.014996690 0.259829044
62.975309 -1.183556080 -0.293345869 1.070922971 -0.052889694 -0.970867336 -0.015014661 0.233225077
63.075309 -1.131792068 -0.297054559 1.071667194 -0.043771815 -0.976162970 -0.015379544 0.212022021
63.225309 -1.050600886 -0.301631242 1.069286346 -0.033670280 -0.983214140 -0.013541632 0.178809807
63.325309 -0.990284443 -0.306684285 1.069042921 -0.027828785 -0.987617612 -0.010524308 0.154033437
63.525309 -0.853241801 -0.323316157 1.086346745 -0.028775133 -0.992991447 -0.003292031 0.114582494
63.675308 -0.745289564 -0.336704761 1.100802183 -0.033467419 -0.995557487 0.001459090 0.087995395
63.725308 -0.709225297 -0.337108463 1.106647730 -0.032529652 -0.996351600 0.002177537 0.078870930
63.875308 -0.595778465 -0.339314759 1.126879454 -0.034507535 -0.998302758 0.005437397 0.046597116
64.025308 -0.487725437 -0.334355265 1.146860123 -0.042947628 -0.999001980 -0.001193046 0.012213080
64.075308 -0.454590946 -0.332279474 1.145298123 0.043880682 0.999023318 0.004629095 0.002349802
64.225308 -0.360280335 -0.330047876 1.149794579 0.037406638 0.997725546 0.005445112 0.055810988
64.325309 -0.317016155 -0.330899924 1.146925688 0.030964058 0.994699121 0.005525864 0.097899675
64.425308 -0.255596817 -0.339406848 1.141843915 0.028490301 0.990013540 0.012594217 0.137487784
64.625308 -0.158330679 -0.332333714 1.148804665 0.025817301 0.974909604 0.026278764 0.219531760
64.875308 -0.015544772 -0.309909880 1.171294928 0.018044278 0.949941337 0.037383001 0.309658557
65.425308 0.223926187 -0.324893892 1.157773852 -0.017486162 0.897716641 0.029298229 0.439250171
66.025308 0.295928359 -0.303667843 1.286424518 -0.023443112 0.832133710 0.030344998 0.553247750
66.375308 0.257691860 -0.295024514 1.439939737 -0.029696390 0.791664541 0.044180151 0.608632445
66.575308 0.230325580 -0.294087708 1.548279047 -0.033541389 0.753168106 0.049912710 0.655073702
66.775308 0.208138227 -0.296917439 1.642763853 -0.041571148 0.709094703 0.055706818 0.701678932
66.975308 0.184947491 -0.281018615 1.736829638 -0.053237233 0.662859976 0.062128872 0.744259655
67.275307 0.147831082 -0.253990352 1.878484368 -0.074023224 0.607606769 0.068164900 0.787837625
67.625307 0.095676780 -0.226743698 2.021231174 -0.100392111 0.554572880 0.064921431 0.823502004
67.925307 0.036971629 -0.209883749 2.114498138 -0.115725644 0.504176319 0.060055293 0.853702068
68.575307 0.005869091 -0.277812183 2.197215796 -0.086289339 0.477124423 0.038490340 0.873741925
68.775307 0.011508763 -0.345777631 2.210209370 -0.055996638 0.476265579 0.019255327 0.877305388
69.075307 0.020162463 -0.462484747 2.224151134 -0.021026613 0.467590004 -0.012324378 0.883609414
69.325307 0.032631576 -0.601175249 2.223108292 -0.008121185 0.489437908 -0.027763763 0.871558249
69.925307 0.063445866 -0.798910022 2.219380617 -0.003971673 0.501051009 -0.013213149 0.865307748
70.575307 0.135800362 -0.828766763 2.097416401 -0.006060042 0.532822788 -0.008399998 0.846163452
70.975307 0.221304417 -0.836629927 1.946564198 -0.023903076 0.598952472 -0.017273910 0.800241351
71.275306 0.274336219 -0.839267254 1.805203557 -0.035592478 0.639369726 -0.029330187 0.767515004
71.525307 0.316062689 -0.842565536 1.664122581 -0.031597976 0.671528101 -0.031115232 0.739650846
71.875306 0.359920144 -0.860315859 1.470768213 -0.027284235 0.701305330 -0.037353907 0.711358666
72.175306 0.388707042 -0.858045280 1.294871330 -0.037019763 0.740892529 -0.047938369 0.668886960
72.625306 0.397145510 -0.850866795 1.077736974 -0.023551723 0.782544017 -0.047045309 0.620368481
73.225306 0.444438398 -0.691168427 0.948140025 -0.032601327 0.776252866 -0.026755612 0.629009366
73.575306 0.466661751 -0.538490593 0.934313893 -0.037707120 0.767819762 -0.002910292 0.639548659
74.025306 0.436789751 -0.399573594 0.911381721 -0.048061617 0.765493512 0.037872851 0.640527487
74.425306 0.394314647 -0.248805881 0.907294869 -0.071454741 0.757431507 0.067944609 0.645426393
74.725305 0.357131004 -0.154264957 0.899033308 -0.094419591 0.764763713 0.092477851 0.630610228
75.125305 0.295431972 -0.024818614 0.889906168 -0.117199026 0.767202258 0.137061849 0.615531504
75.375306 0.256939232 0.054798588 0.878373981 -0.136595145 0.767918169 0.164554045 0.603792548
76.025305 0.226338208 0.097569183 0.979594886 -0.135492429 0.738603294 0.148762867 0.643410087
76.275305 0.206605375 0.083055362 1.093729734 -0.136265263 0.686213672 0.122528791 0.703938365
76.675305 0.142354548 0.019972473 1.207601070 -0.119584963 0.621838868 0.101893567 0.767224610
77.875305 0.033001602 -0.253381789 1.237514615 -0.103054009 0.631632566 0.039599773 0.767366946
78.425305 0.068758190 -0.266374201 1.453937292 -0.085802853 0.507437646 0.033217002 0.856762230
81.625304 0.276763856 -0.316062897 0.857274175 -0.026890812 0.832310259 0.021603977 0.553235769
82.025304 0.370772600 -0.340844631 0.717949033 -0.018321153 0.884057403 0.009761439 0.466917068
82.525304 0.391570926 -0.347137660 0.493912369 -0.005029696 0.919693410 -0.004862102 0.392575055
83.125303 0.454718739 -0.351245046 0.195858270 -0.004711898 0.889154375 0.014470458 0.457354188
83.775304 0.542135239 -0.390668869 -0.092051446 -0.015185506 0.827018023 0.018609619 0.561661959
84.225303 0.571904182 -0.395738393 -0.302689850 -0.007633681 0.768718958 0.012181755 0.639425159
84.675303 0.564736068 -0.416405916 -0.539236844 -0.021349190 0.694805443 0.015373467 0.718716383
85.425303 0.586997807 -0.473115861 -0.935783267 -0.028830189 0.651158333 0.010445101 0.758322120
86.175303 0.667450666 -0.483682692 -1.345525742 -0.023690615 0.606463969 0.020189492 0.794501483
86.825303 0.814778209 -0.483089030 -1.597507000 -0.016172867 0.605887353 0.008985347 0.795335293
87.275303 0.944127798 -0.501946092 -1.718920231 -0.013856699 0.655182898 -0.004026753 0.755332410
87.725302 0.970385194 -0.508608699 -1.831201911 -0.007121262 0.742956340 -0.032743864 0.668500543
88.275302 0.884555817 -0.545675993 -1.982138157 -0.021088434 0.845223963 -0.024233343 0.533445895
91.525301 0.413689017 -0.444102257 -1.531635761 -0.027084893 0.935180783 0.037778653 0.351107031
92.025301 0.522240520 -0.407928139 -1.359958768 -0.020815957 0.989482939 -0.005436386 0.143041089
92.175302 0.513915181 -0.415929645 -1.342046142 -0.024766326 0.995420456 -0.014643909 0.091161028
92.275301 0.507111192 -0.430002749 -1.339524984 -0.020339599 0.998240769 -0.017482447 0.052878477
92.375301 0.456631869 -0.409878612 -1.311430454 -0.010367407 0.999148726 -0.029411690 0.027007589
92.725301 0.353230119 -0.418684125 -1.265566349 -0.000341120 -0.996190012 0.029096091 0.082212128
93.075301 0.274737597 -0.420844108 -1.254843593 -0.001324908 -0.983032048 0.024438163 0.181794092
93.275301 0.234130144 -0.430171192 -1.255761385 -0.005143997 -0.973723054 0.033060241 0.225264415
97.175300 0.621420622 -0.501996994 -0.608563900 -0.003906098 -0.105722763 0.032300361 0.993863225
99.375300 -0.042803489 -0.499475986 -0.865219593 -0.000504703 -0.046590630 0.056560535 0.997311413
100.125299 -0.345135719 -0.499269843 -0.889727116 0.006147751 -0.095168397 0.062260889 0.993493199
100.625299 -0.558586717 -0.481436491 -0.984221399 -0.006085401 -0.122913375 0.042938109 0.991469443
101.075299 -0.758135378 -0.486480236 -1.154208541 -0.004153583 -0.111051761 0.043204635 0.992866397
101.325300 -0.867509782 -0.477237135 -1.215372920 -0.000216700 -0.130232096 0.023753298 0.991198957
101.475299 -0.936838984 -0.468220174 -1.238129020 -0.003699444 -0.135717064 0.023639577 0.990458727
101.575299 -0.982581019 -0.461468071 -1.254467249 -0.007071904 -0.133776248 0.029572543 0.990545034
101.625299 -1.010750294 -0.457721502 -1.260166645 -0.009775878 -0.132597640 0.031429164 0.990623295
101.725299 -1.058241367 -0.457098156 -1.279730082 -0.010485443 -0.128116727 0.031626176 0.991199315
101.875299 -1.132148504 -0.469888479 -1.304974437 -0.007213685 -0.121553980 0.041535389 0.991689146
101.975299 -1.179871559 -0.482981175 -1.322983742 -0.003602288 -0.123285808 0.049059227 0.991151273
102.075299 -1.223090053 -0.495579869 -1.342047334 0.002019601 -0.131250679 0.047760066 0.990195990
102.275299 -1.296004295 -0.508226156 -1.378379345 0.007413004 -0.143946409 0.047090791 0.988436639
102.625299 -1.393354774 -0.510806262 -1.437440395 0.000420483 -0.155211851 0.047753893 0.986726284
103.075299 -1.496919632 -0.531709194 -1.488662004 -0.005295412 -0.198579729 0.051825017 0.978699267
103.525298 -1.618475676 -0.530513346 -1.497001410 -0.008347442 -0.329760253 0.052050486 0.942591786
103.825299 -1.735047102 -0.534668326 -1.532151937 -0.018134864 -0.425641716 0.058886643 0.902791560
104.325299 -1.738928080 -0.545051575 -1.664285660 -0.016108545 -0.573128521 0.073045105 0.816044509
105.025298 -1.589543223 -0.559390903 -1.840948343 -0.029133858 -0.703107357 0.064191319 0.707580924
105.275298 -1.526632786 -0.563048124 -1.913488150 -0.039769057 -0.737752438 0.063093230 0.670938909
105.525298 -1.465133905 -0.577585340 -1.965913177 -0.044566471 -0.768665850 0.066475965 0.634624004
105.675298 -1.437276602 -0.585913301 -1.995541215 -0.046924621 -0.789021254 0.068519644 0.608727157
105.825298 -1.416181326 -0.591789246 -2.023120880 -0.048327859 -0.804276049 0.073995590 0.587647140
106.025298 -1.411621690 -0.588381410 -2.052948952 -0.048935667 -0.819183350 0.073820554 0.566652119
106.575298 -1.562679768 -0.571461618 -2.060877323 -0.043096896 -0.801022768 0.065818667 0.593441665
106.875298 -1.675418139 -0.572692335 -2.090284348 -0.035900250 -0.784756780 0.064119965 0.615432143
107.175297 -1.763973236 -0.573177874 -2.130500793 -0.021851841 -0.770021558 0.060111277 0.634803951
107.375298 -1.822008848 -0.567925394 -2.162769556 -0.028327877 -0.749191284 0.063974075 0.658648074
107.625297 -1.882152557 -0.564869881 -2.221763611 -0.028706094 -0.710840583 0.060782883 0.700133622
107.725297 -1.897553444 -0.571110427 -2.247919559 -0.025709048 -0.692878902 0.062269691 0.717900038
107.975297 -1.927052975 -0.596666098 -2.312337399 -0.027029628 -0.649748385 0.067043275 0.756704450
108.025297 -1.930581331 -0.603398561 -2.327014923 -0.022467377 -0.642494321 0.065322965 0.763170481
108.125297 -1.938419819 -0.612287581 -2.345752954 -0.020757174 -0.631106675 0.066595897 0.772553265
108.275297 -1.951115608 -0.620452404 -2.366580009 -0.014882540 -0.617784798 0.067172587 0.783331633
108.475297 -1.979182959 -0.617282629 -2.385448933 -0.011574329 -0.599327683 0.064429827 0.797822773
108.525297 -1.988214731 -0.615900338 -2.388634205 -0.012778957 -0.594946802 0.064818211 0.801045299
109.075297 -2.048315048 -0.617049456 -2.494741917 -0.013758226 -0.551928461 0.064228274 0.831300497
109.275297 -2.048332691 -0.624441385 -2.551089287 -0.004618650 -0.540421128 0.054779377 0.839596927
109.475297 -2.026605844 -0.633942127 -2.619861126 -0.000920729 -0.516181529 0.059666038 0.854397893
109.575297 -2.006219625 -0.640654504 -2.655817032 -0.002302069 -0.503894448 0.068836391 0.861014903
109.675297 -1.983600020 -0.646079838 -2.697031975 -0.004961012 -0.497314930 0.072520606 0.864519536
109.775297 -1.961963415 -0.652125716 -2.738533735 -0.007448329 -0.498787493 0.072140791 0.863684714
109.925297 -1.931539297 -0.655348122 -2.796194553 -0.009431201 -0.505974829 0.069177404 0.859717965
110.175297 -1.885448217 -0.658518672 -2.868869781 -0.004390077 -0.515120506 0.057529140 0.855173647
110.425297 -1.859601498 -0.661007464 -2.869702101 -0.002978115 -0.487955838 0.048958857 0.871489108
110.525297 -1.852764130 -0.660641491 -2.851845026 -0.002323031 -0.470937937 0.044861637 0.881021857
110.825297 -1.808966517 -0.656615555 -2.770178556 -0.001817438 -0.416352421 0.036668587 0.908461750
111.225296 -1.724010229 -0.648451567 -2.640820980 -0.002858083 -0.324225128 0.033008426 0.945399582
111.625296 -1.613142848 -0.641496837 -2.522848606 -0.017330885 -0.224751502 0.034635972 0.973646164
112.025296 -1.512097597 -0.638833046 -2.465396166 -0.027679425 -0.107184641 0.026111385 0.993510664
112.275296 -1.451584697 -0.632541120 -2.429605484 -0.021064183 -0.037744027 0.019427957 0.998876512
112.575296 -1.390860915 -0.628726482 -2.353903770 -0.013172667 0.043151505 0.015797328 0.998856783
112.725296 -1.355060816 -0.635276079 -2.313877106 -0.008648818 0.077738769 0.017334588 0.996785581
112.825297 -1.331552386 -0.638383627 -2.286503315 -0.004408286 0.099468417 0.012644755 0.994950593
112.925296 -1.311575532 -0.644728005 -2.258209705 -0.003232664 0.120008297 0.010154833 0.992715716
112.975296 -1.304938078 -0.646462560 -2.249505043 -0.000579399 0.130713552 0.007201172 0.991393864
113.225296 -1.244487286 -0.659622610 -2.239916325 0.000221872 0.177440569 0.001201082 0.984130800
113.325296 -1.218382239 -0.663345098 -2.250193119 0.000334492 0.200261980 -0.003487071 0.979736149
113.475296 -1.186668396 -0.672273278 -2.262100220 -0.001275776 0.234890759 -0.007946445 0.971988440
113.775296 -1.191282272 -0.671492279 -2.275624514 -0.010799455 0.275905579 -0.012228444 0.961046278
114.125296 -1.302178860 -0.644670606 -2.215092182 -0.019233495 0.283844501 -0.003204377 0.958672047
114.475296 -1.481819391 -0.586321652 -2.072346687 -0.027867025 0.206813663 0.006398659 0.977962494
114.575296 -1.525229812 -0.567931950 -2.030395269 -0.031519622 0.169621408 0.010189151 0.984952450
114.625296 -1.550005198 -0.563814878 -2.019563675 -0.032363482 0.152197868 0.010532486 0.987763882
114.725295 -1.599563599 -0.556198835 -1.998615623 -0.035215229 0.114949144 0.009801973 0.992698610
114.825296 -1.647272229 -0.549039721 -1.981286049 -0.038247798 0.078655466 0.010405811 0.996113539
114.875296 -1.669458508 -0.546344817 -1.973840594 -0.039641794 0.060406126 0.012834399 0.997303843
115.025296 -1.733151913 -0.541596413 -1.959144115 -0.042961825 0.010526761 0.014344508 0.998918295
115.325296 -1.843942523 -0.555620492 -1.949323058 -0.042688120 -0.072899193 0.017348386 0.996274292
115.675295 -1.932117105 -0.560424149 -1.970581412 -0.022091141 -0.146311164 0.012402195 0.988914192
116.625295 -2.002982616 -0.850101471 -1.875843287 -0.023766346 -0.169803560 -0.003061229 0.985186577
119.025295 -1.954119682 -0.469158530 -1.937545657 -0.086767875 -0.159315601 -0.022643562 0.983146608
120.225294 -1.790283799 -0.413831294 -1.929778576 -0.041620243 -0.040427838 -0.033782590 0.997743547
120.625294 -1.698374748 -0.415466160 -1.822714686 -0.035552405 0.036271121 -0.035926882 0.998062968
120.725294 -1.674301386 -0.415022790 -1.793077350 -0.036365226 0.053648438 -0.035541393 0.997264385
121.025294 -1.617501497 -0.409468323 -1.710847259 -0.028839184 0.095122509 -0.041746452 0.994171679
121.175294 -1.595138073 -0.404478550 -1.689384818 -0.029082062 0.119573034 -0.036570814 0.991725326
121.475294 -1.559163094 -0.390188515 -1.678492427 -0.039233979 0.182391480 -0.026559183 0.982083857
121.625294 -1.541409135 -0.392700464 -1.693648934 -0.042112119 0.231882215 -0.023216065 0.971554577
121.775294 -1.540466428 -0.410759151 -1.738203526 -0.039863672 0.281548679 -0.021371722 0.958480299
121.975294 -1.546567321 -0.452522635 -1.792705774 -0.035112735 0.341733009 -0.024102548 0.938831627
122.225294 -1.556093812 -0.483614415 -1.862825036 -0.033065509 0.419756711 -0.023780370 0.906722367
122.775294 -1.542073488 -0.513697863 -2.004361629 -0.048008002 0.536172390 -0.029989460 0.842208445
123.375294 -1.517541051 -0.513764799 -2.206620216 -0.058399547 0.629159987 -0.032331314 0.774404228
123.775293 -1.528034568 -0.552143514 -2.319295406 -0.054274552 0.692988694 -0.033854481 0.718105018
123.975293 -1.540598035 -0.564029694 -2.392464638 -0.054952178 0.723739505 -0.037928570 0.686835349
124.175293 -1.557944655 -0.575866520 -2.461732388 -0.055016734 0.751178443 -0.040101491 0.656578958
124.275293 -1.569210052 -0.580382049 -2.489233017 -0.054934870 0.762917638 -0.043162555 0.642709732
124.475293 -1.583439350 -0.584948480 -2.532491446 -0.054901101 0.778072119 -0.046374667 0.624050498
124.825294 -1.636117697 -0.598270178 -2.554532528 -0.055554073 0.811673403 -0.044577196 0.579752564
125.075293 -1.682010174 -0.590194285 -2.511940718 -0.049153067 0.838297784 -0.037017308 0.541729212
125.375293 -1.748657227 -0.585670352 -2.430633783 -0.039488234 0.869658053 -0.030517014 0.491125524
125.825293 -1.865509987 -0.585486174 -2.367771149 -0.029748730 0.904480219 -0.027532913 0.424585134
126.375293 -1.940052509 -0.594682276 -2.360229492 -0.027687520 0.954398036 -0.036504753 0.295000285
126.575293 -1.979475498 -0.591336250 -2.331478596 -0.016722007 0.972847998 -0.043664780 0.226672783
126.725292 -2.012402534 -0.599070013 -2.310974836 -0.012169069 0.982211292 -0.047353562 0.181302577
126.825293 -2.027019501 -0.601540983 -2.290198803 -0.015634205 0.986222267 -0.049490664 0.157073036
127.025292 -2.040613651 -0.603355050 -2.253319263 -0.024061505 0.991011620 -0.048475724 0.122340173
127.875292 -2.056170225 -0.597225308 -2.025238037 -0.024310283 0.992986798 -0.043726139 0.107118078
128.375292 -2.107097626 -0.544623494 -1.904119372 -0.028930428 0.998055220 -0.018762119 0.051931255
128.625292 -2.096455812 -0.537407637 -1.862833261 0.033598933 -0.999256611 0.016209252 0.009727323
128.925292 -2.026445866 -0.530560613 -1.817879438 0.014487650 -0.994180322 0.027889453 0.103043005
129.475292 -1.889666557 -0.553324163 -1.741851568 0.022569308 -0.977831244 0.026843840 0.206436917
130.625292 -2.086242914 -0.558170438 -2.042001724 0.001204030 -0.970113873 0.015058205 0.242179498
131.025292 -2.225656748 -0.567495584 -2.187391520 -0.014246928 -0.980014801 0.013946792 0.197923139
131.325292 -2.334134340 -0.579340756 -2.293136120 -0.008888442 -0.987946928 0.025081016 0.152489141
131.475292 -2.393886328 -0.591357052 -2.347563505 -0.000829107 -0.990397334 0.026974145 0.135590911
131.625291 -2.455630541 -0.600614727 -2.391944170 -0.005676300 -0.990184665 0.033310663 0.135619268
131.875291 -2.554059505 -0.608523548 -2.458456039 -0.021006929 -0.989622712 0.039315473 0.136601448
132.375291 -2.756068707 -0.601612449 -2.540105343 -0.021126602 -0.980246484 0.045646265 0.191277191
132.625291 -2.860886574 -0.593393981 -2.551028252 -0.026152266 -0.961421788 0.057941027 0.267632484
132.725291 -2.907315731 -0.586711645 -2.554615974 -0.018729437 -0.952769339 0.058600821 0.297398418
132.825291 -2.951762438 -0.589183271 -2.551533699 -0.014523439 -0.942051351 0.065522783 0.328687042
132.925291 -2.994685173 -0.592806160 -2.545563698 -0.017472725 -0.928444207 0.067854241 0.364803910
133.025291 -3.028594255 -0.596053123 -2.537470341 -0.013366523 -0.916170061 0.066779867 0.394961059
133.125291 -3.059300661 -0.596255124 -2.525333881 -0.010552111 -0.900468349 0.065602988 0.429815918
133.275291 -3.115100861 -0.600013316 -2.502187967 -0.005198878 -0.879108310 0.057975452 0.473054349
133.425291 -3.166182518 -0.597027302 -2.480548382 0.002250709 -0.852319777 0.051582474 0.520466447
133.625291 -3.269703150 -0.596035957 -2.413604736 0.008287745 -0.830170929 0.050417043 0.555162728
133.775291 -3.345622778 -0.599931896 -2.360767365 0.006992904 -0.814454794 0.045781292 0.578375816
133.825291 -3.370707035 -0.598710477 -2.344638824 0.006949860 -0.808663070 0.041190088 0.586787105
134.825291 -3.929088116 -0.660560608 -2.101818085 -0.016242512 -0.661279380 0.009829729 0.749899507
135.325291 -4.307106018 -0.660790384 -1.947446346 0.002745588 -0.638056993 -0.014443725 0.769848764
135.825291 -4.650675297 -0.617450356 -1.865134001 -0.003319976 -0.568839669 -0.007016577 0.822411895
136.075290 -4.776114464 -0.620493531 -1.808379650 -0.001072549 -0.528356254 0.003135641 0.849016309
136.225290 -4.823712826 -0.613174140 -1.758613944 0.004814507 -0.498779595 -0.007357651 0.866684318
136.425290 -4.862799168 -0.597008049 -1.685840964 0.008372643 -0.442371875 -0.018764332 0.896596313
136.525290 -4.872102261 -0.602272928 -1.642748356 0.010227514 -0.411433786 -0.020800831 0.911144853
136.575290 -4.876216412 -0.601118743 -1.622629166 0.009593421 -0.396005511 -0.021209668 0.917953074
136.625290 -4.882804394 -0.598673224 -1.611145496 0.009439321 -0.379757553 -0.022972241 0.924752653
136.725290 -4.895111084 -0.602291405 -1.599692225 0.014758775 -0.344889909 -0.026015831 0.938166440
136.775290 -4.891189575 -0.595874190 -1.588582993 0.019586395 -0.326324850 -0.023437276 0.944764137
136.825290 -4.893589497 -0.594420552 -1.586785793 0.019660283 -0.304875851 -0.022042377 0.951934040
136.925290 -4.881554127 -0.585735261 -1.572740793 0.022109905 -0.270455569 -0.030446814 0.961996853
137.125290 -4.865697384 -0.568772852 -1.570733905 0.017920800 -0.180036396 -0.032096233 0.982972860
137.425290 -4.792639256 -0.579441249 -1.619292021 0.023002123 -0.028160337 -0.032998923 0.998793781
137.725290 -4.710997105 -0.602008700 -1.737236261 0.020667305 0.139357060 -0.058230188 0.988312542
138.025290 -4.679776669 -0.605187416 -1.873693705 0.013561275 0.275818169 -0.064850204 0.958923876
138.925290 -4.677326202 -0.609877944 -2.146984100 0.011966317 0.469314992 -0.035272252 0.882245004
139.275289 -4.732634068 -0.594276488 -2.242681503 0.025400367 0.599641323 -0.039406680 0.798894465
139.725289 -4.867254257 -0.614034951 -2.318317890 0.024305357 0.779814065 -0.039019968 0.624321043
139.925289 -4.948134422 -0.618179202 -2.409597397 0.019335154 0.831440330 -0.050458241 0.552980244
140.075289 -4.994818687 -0.633205771 -2.475423336 0.023086665 0.860846937 -0.057053722 0.505128264
140.225289 -5.032402992 -0.645910561 -2.529055119 0.028877644 0.881685555 -0.063618451 0.466636330
140.475289 -5.092486382 -0.643763483 -2.603498936 0.022829456 0.913406253 -0.065628380 0.401074439
140.675289 -5.134036064 -0.638614178 -2.644758224 0.025988968 0.932473838 -0.052062556 0.356520116
141.025289 -5.215227604 -0.631949127 -2.691985846 0.037850384 0.960524917 -0.043812659 0.272102326
141.225289 -5.271802425 -0.633452535 -2.702011585 0.039575540 0.975317657 -0.044498563 0.212624326
141.425289 -5.326682091 -0.633392334 -2.684916496 0.038666785 0.987787426 -0.047364332 0.143309072
141.675289 -5.394096851 -0.629153311 -2.639755726 0.036486220 0.996671259 -0.047069438 0.055674907
142.125289 -5.515329838 -0.616833985 -2.519770622 -0.024527922 -0.985963762 0.043890961 0.159208953
142.525289 -5.599899292 -0.626705408 -2.382132530 -0.025643699 -0.954499185 0.042691633 0.294025958
143.075289 -5.742898464 -0.570900321 -2.172551155 -0.010100476 -0.874454319 0.039395910 0.483400047
143.325289 -5.757319450 -0.571352124 -2.076109409 -0.008961785 -0.819530308 0.032415923 0.572048068
143.425289 -5.751392841 -0.575620115 -2.035630226 -0.007247970 -0.792646289 0.031225557 0.608838499
143.525288 -5.741956711 -0.580220401 -2.002939224 -0.005897905 -0.762664795 0.032430984 0.645953536
143.725288 -5.712101936 -0.567558765 -1.954247952 -0.008823216 -0.691210568 0.034060262 0.721796453
143.775288 -5.701937199 -0.564894438 -1.945794821 -0.011070851 -0.671020806 0.037586033 0.740402460
144.025288 -5.638691902 -0.565654635 -1.840185404 -0.015026333 -0.587622702 0.038155213 0.808095276
144.125288 -5.612526894 -0.557477653 -1.815276146 -0.023709642 -0.554718554 0.043480977 0.830562830
144.225288 -5.578149796 -0.563512146 -1.771171808 -0.021622961 -0.525012791 0.035391092 0.850083232
144.325289 -5.557967186 -0.569304407 -1.747357249 -0.021565467 -0.494715959 0.029911496 0.868272126
144.475288 -5.512733936 -0.575066626 -1.700557709 -0.012328166 -0.449212998 0.029108124 0.892865300
144.675288 -5.465554714 -0.640605569 -1.598891973 -0.008991759 -0.397523165 0.014942302 0.917426407
145.275288 -5.348131657 -0.605754614 -1.449833393 0.008782612 -0.232540667 -0.010635917 0.972488880
145.325289 -5.342581749 -0.588773191 -1.444657207 0.014277657 -0.209942460 -0.004860487 0.977597415
145.375288 -5.331030846 -0.581193566 -1.448011279 0.018924810 -0.186276823 -0.002073907 0.982312858
145.475288 -5.315815926 -0.576690078 -1.458464503 0.023214566 -0.143734515 0.000797248 0.989343643
145.675288 -5.304007530 -0.561853468 -1.495829701 0.033456612 -0.056745600 0.010350529 0.997774243
145.975288 -5.254900455 -0.566813290 -1.573640227 0.028835561 0.059675161 0.003860813 0.997793794
146.325288 -5.130299091 -0.575228572 -1.697191477 0.033005212 0.171205908 -0.015632736 0.984558165
146.725287 -5.012538910 -0.545274734 -1.852850437 0.022796897 0.299911708 -0.017633073 0.953531504
147.275287 -4.941689491 -0.585220933 -2.047893524 0.037669666 0.516273201 0.017882917 0.855408192
147.725287 -5.016937256 -0.570325196 -2.149830818 0.043647647 0.638966501 0.015020751 0.767848372
148.225287 -5.108404160 -0.578478456 -2.240945816 0.043974206 0.793403745 0.008861186 0.607040584
148.425287 -5.184942722 -0.576246142 -2.320435524 0.043605156 0.839443207 0.001075234 0.541694164
148.575287 -5.239376068 -0.566801786 -2.369761944 0.038343031 0.870429218 0.001517441 0.490795821
148.875287 -5.321754456 -0.561607480 -2.432533503 0.042561229 0.920691252 0.003333007 0.387949854
149.225287 -5.392313957 -0.558517873 -2.447956562 0.053335510 0.968995631 -0.001442605 0.241248250
149.475287 -5.459193230 -0.554731905 -2.426845312 0.054983806 0.991920352 -0.007284020 0.114095666
149.625287 -5.504006863 -0.545915306 -2.396349669 0.056023329 0.998135030 -0.008330461 0.022771955
150.825287 -5.666175365 -0.505470932 -1.989370346 -0.045967855 -0.783266068 0.029772297 0.619269609
150.875287 -5.663926125 -0.501097858 -1.975705147 -0.051282577 -0.767579794 0.033402260 0.638024807
150.975287 -5.654651165 -0.500413954 -1.960733414 -0.057993960 -0.727385938 0.034431063 0.682906210
151.125287 -5.628326416 -0.492774129 -1.934472084 -0.062222686 -0.662494063 0.032849580 0.745755255
151.275286 -5.594754219 -0.498622596 -1.910270929 -0.069011874 -0.601890981 0.024701260 0.795207202
151.475287 -5.541611671 -0.507394671 -1.904934168 -0.071954489 -0.517443657 0.029939331 0.852160931
151.625286 -5.490730286 -0.517382681 -1.903303981 -0.067774810 -0.457969159 0.026403716 0.885987401
151.875286 -5.366580963 -0.530982971 -1.909380317 -0.067979723 -0.345262676 0.009968434 0.935987771
152.125286 -5.242252350 -0.535250545 -1.908336043 -0.067335881 -0.239980936 0.002888437 0.968435168
152.275286 -5.176294804 -0.542750776 -1.927135706 -0.060349692 -0.180775166 0.008365348 0.981635511
152.425286 -5.118818283 -0.545256078 -1.955647945 -0.048671849 -0.124029249 0.015069530 0.990969598
152.625286 -5.053026199 -0.570763230 -2.019513607 -0.032845415 -0.045437288 0.019642746 0.998233855
152.925286 -4.907774925 -0.580455184 -2.123744965 -0.043659773 0.062861532 0.017369883 0.996915519
153.375286 -4.722508430 -0.588564277 -2.263551712 -0.044872187 0.252703547 0.018162496 0.966332018
154.025286 -4.795145988 -0.621394277 -2.451757908 -0.031276546 0.490538806 0.027098680 0.870436192
155.075286 -5.023566246 -0.684000075 -2.681661606 -0.027674615 0.626609623 0.015889844 0.778679609
155.925286 -5.193608284 -0.731460631 -2.296387672 0.034980580 0.667874932 0.022584153 0.743108034
156.475285 -5.352681160 -0.743420422 -1.991681576 0.050466694 0.607335210 -0.003345679 0.792834103
157.675285 -5.578967094 -0.789030313 -1.739852786 0.006313643 0.428726941 0.040662996 0.902496457
159.675284 -5.337003708 -1.042110205 -1.901890993 0.029713867 0.460054040 -0.067656733 0.884810686
160.275284 -5.255742550 -1.193773389 -2.047094345 0.020973898 0.640982628 -0.065735973 0.764447629
160.475284 -5.247641087 -1.179473519 -2.131620884 0.030752180 0.695707738 -0.079856008 0.713209689
160.725284 -5.239967346 -1.198543072 -2.253455639 0.027351346 0.767241538 -0.092341557 0.634086251
160.925284 -5.251174927 -1.213625669 -2.351130486 0.033281054 0.806779921 -0.103931040 0.580686569
161.075284 -5.262307167 -1.226484179 -2.411034584 0.037911151 0.831369638 -0.105993107 0.544199288
161.225284 -5.276402950 -1.227831483 -2.461004257 0.038734414 0.848972917 -0.113879159 0.514564037
161.475284 -5.304800510 -1.216398597 -2.563127041 0.032936938 0.878302693 -0.119588517 0.461733878
161.625284 -5.325703621 -1.200929642 -2.618749619 0.028689656 0.896564186 -0.125418574 0.423815757
161.725284 -5.343556404 -1.186754584 -2.646675825 0.031371392 0.903141320 -0.128136158 0.408574015
161.825284 -5.374248505 -1.164649963 -2.676843882 0.046783261 0.909398139 -0.142894462 0.387798429
161.925284 -5.384902954 -1.126021028 -2.685911655 0.056434296 0.913138807 -0.144556910 0.376956344
162.025284 -5.399432182 -1.086636186 -2.698596954 0.063849747 0.916180849 -0.150281146 0.365993798
162.275284 -5.412973404 -0.963132024 -2.719716549 0.045911670 0.921428204 -0.154563069 0.353514403
162.775284 -5.453497410 -0.797346830 -2.731191635 0.024410810 0.924063563 -0.128834367 0.359043837
163.375284 -5.524996758 -0.601397932 -2.741021156 0.013249733 0.932280064 -0.054998007 0.357286423
164.125283 -5.777626038 -0.590670824 -2.921851635 -0.058557261 0.945073128 -0.088272862 0.309218049
164.675283 -5.995680332 -0.607428789 -3.040402651 -0.033531290 0.964141250 -0.090858459 0.247087106
166.075283 -5.762935638 -0.481286407 -2.874285698 0.029002864 0.894498289 -0.097689524 0.435302705
166.725282 -5.566159248 -0.492102683 -2.629654408 0.033378914 0.744166434 -0.028291937 0.666559756
167.775282 -4.993982315 -0.478859425 -2.505549431 0.027190465 0.670622349 -0.016865481 0.741108596
168.575282 -4.502764702 -0.476289898 -2.470886230 0.018343685 0.693622410 -0.013634022 0.719976068
169.025282 -4.189126968 -0.497036278 -2.516634464 0.030157611 0.720426798 -0.013650998 0.692740500
169.275282 -4.010251999 -0.501786947 -2.555580616 0.026832350 0.715784073 -0.016480356 0.697611332
169.425282 -3.912184954 -0.503225923 -2.572583199 0.025642864 0.720910907 -0.012341818 0.692443311
169.825282 -3.726041794 -0.480933011 -2.524240494 0.032170687 0.746908069 0.007137602 0.664110363
170.025282 -3.586190462 -0.480767727 -2.534445524 0.036663551 0.753745675 0.004326769 0.656128466
170.275282 -3.417569637 -0.507987499 -2.545854092 0.040162966 0.752032578 0.008061443 0.657851756
170.525282 -3.271580935 -0.507813334 -2.578725338 0.036656078 0.746265531 0.015231902 0.664463758
170.825282 -3.067800283 -0.497317493 -2.654505253 0.018405903 0.727220714 0.009522804 0.686090767
171.075282 -2.917626143 -0.514317274 -2.730184793 0.013913977 0.718388557 0.002483159 0.695498466
171.475282 -2.679666758 -0.494004101 -2.780594349 0.024694670 0.704686582 0.013577812 0.708958924
171.675281 -2.548602819 -0.501961589 -2.783307791 0.022980120 0.692490041 0.013586521 0.720933318
171.775281 -2.487861395 -0.509580672 -2.789351225 0.026357245 0.688146591 0.017289475 0.724886715
172.075281 -2.352508545 -0.515823185 -2.802357435 0.029023852 0.687613010 0.013273243 0.725375593
172.275281 -2.254449368 -0.513720870 -2.799192429 0.029830180 0.686134875 0.011553955 0.726770759
172.425281 -2.176510096 -0.512060285 -2.790673018 0.039356496 0.684363842 0.004661896 0.728062928
172.625281 -2.090181351 -0.510471404 -2.755741119 0.034400057 0.672928631 0.001426604 0.738905728
172.875281 -2.012047052 -0.498415887 -2.665244818 0.027503954 0.655696273 0.014305964 0.754388094
173.025281 -1.974936247 -0.483911246 -2.581720352 0.029618943 0.645623624 0.013037953 0.762969792
173.225281 -1.944420934 -0.489889324 -2.438409805 0.042820536 0.637476146 0.015526454 0.769122481
173.375281 -1.939034581 -0.492998153 -2.321910143 0.046346854 0.625919700 0.021835933 0.778202951
173.475281 -1.922828436 -0.497600079 -2.248950005 0.046909593 0.615059435 0.028269224 0.786576271
173.625281 -1.906123281 -0.503527820 -2.129440069 0.035323534 0.592968583 0.028602881 0.803941786
174.275281 -1.757183790 -0.478365749 -1.578713655 0.006807116 0.478745759 0.050254740 0.876487732
176.425280 -0.933109164 -0.465598613 -1.342356920 0.004394238 0.522975087 0.011505832 0.852258980
177.175280 -0.473320663 -0.448174268 -1.282629013 0.012688002 0.579351008 0.006145506 0.814956248
178.025280 -0.071127355 -0.442238837 -1.217290401 0.017768735 0.617609382 -0.022789322 0.785953939
178.425280 0.099682450 -0.443591565 -1.227931380 0.001794348 0.721259117 -0.073774040 0.688723028
179.025280 0.164930820 -0.457739532 -1.349000931 -0.031809948 0.860258520 -0.076322146 0.503108799
179.875280 0.257719517 -0.493460894 -1.415203810 -0.023110017 0.937141299 -0.076327823 0.339714885
180.125279 0.036874056 -0.530551076 -1.877488256 -0.023636144 0.930246711 -0.046282973 0.363235891
180.225279 0.005819321 -0.485284656 -1.881684303 -0.033950366 0.945210218 -0.058291577 0.319416851
180.275279 0.390280247 -0.444996655 -1.600972295 -0.046086658 0.991222739 -0.068989195 0.102927245
180.375280 0.401315212 -0.491183639 -1.601434588 -0.044857465 0.996209621 -0.062686428 0.040306475
180.425279 0.389776230 -0.497420907 -1.592049599 -0.042762768 0.996847987 -0.064856283 0.016097726
180.625279 0.354399443 -0.500138223 -1.559630871 0.026023118 -0.995362341 0.067404374 0.063508295
180.675279 0.343838811 -0.499601424 -1.547679186 0.029446969 -0.994661152 0.064641714 0.074856810
186.075278 0.679268122 -0.510872662 -0.576111257 0.035130639 0.280620307 -0.018879427 0.958989918
186.725277 0.379663020 -0.460031152 -0.430107027 0.105073109 0.227951780 0.030450493 0.967507303
187.475278 0.003449613 -0.237103507 -0.213607490 0.053346373 0.168763533 0.059723638 0.982398152
188.025277 -0.143166229 -0.085846193 -0.093528397 0.017355679 0.067431957 0.061696846 0.995663226
192.925276 -0.254530311 0.009257940 -0.069039896 0.003837019 0.046274770 -0.005310846 0.998907268
200.825274 0.173287630 -0.340124249 -0.429322869 -0.034759209 -0.247523293 0.028794670 0.967830002
201.775273 0.093550526 -0.370788276 -0.571074247 -0.045408610 -0.363932788 0.041109912 0.929408908
202.425273 0.113718882 -0.385611594 -0.696783841 -0.044350673 -0.473581433 0.037966277 0.878812969
203.125273 0.029731780 -0.386603802 -0.770601392 -0.047863670 -0.590959966 0.035971716 0.804475844
204.025273 -0.026925743 -0.382356256 -0.814312816 -0.049966969 -0.715176761 0.028555393 0.696570218
204.975272 0.045305490 -0.378620684 -0.900358558 -0.060116205 -0.797140062 -0.018597499 0.600506365
205.475272 0.067560554 -0.343317300 -0.945398331 -0.064407982 -0.830938578 -0.078402452 0.547033489
205.825272 0.040739775 -0.327515572 -1.012913704 -0.061694440 -0.866897225 -0.093529902 0.485731661
206.175272 0.044931412 -0.325874269 -1.078026056 -0.042691417 -0.906772673 -0.098498404 0.407723963
206.525272 0.080097198 -0.329507619 -1.136202812 -0.030287517 -0.938462853 -0.092117265 0.331488460
206.875272 0.138390422 -0.332372487 -1.162407041 -0.010785370 -0.965719640 -0.085521750 0.244857669
207.175272 0.208347082 -0.336688697 -1.174023867 -0.003164375 -0.976053417 -0.083625846 0.200789407
207.675272 0.324411929 -0.338010460 -1.194522858 0.004438218 -0.987565160 -0.083497331 0.133130208
208.325272 0.458234191 -0.334507942 -1.228237391 0.022911750 -0.996426761 -0.081250012 0.002701740
208.475272 0.484137475 -0.317598701 -1.253870130 -0.034266785 0.995105088 0.079955667 0.046891529
208.575272 0.397440940 -0.270889938 -1.267634034 -0.044870388 0.990802944 0.065702245 0.109450780
208.825272 0.284622848 -0.421328008 -1.498200417 -0.069519289 0.959952056 0.095342673 0.254104197
209.375271 0.388333917 -0.388966680 -1.400224209 -0.089429952 0.913972676 0.091170102 0.385154873
210.025271 0.468731642 -0.386859059 -1.194791317 -0.096635871 0.848708630 0.074727282 0.514559031
210.325271 0.475072026 -0.376082659 -1.092635870 -0.102756001 0.802543402 0.072723188 0.583160996
210.675271 0.484239936 -0.372248560 -0.983731329 -0.109682977 0.742955506 0.073232666 0.656219304
211.225271 0.462421358 -0.364610910 -0.865960300 -0.114079542 0.671322763 0.064050280 0.729526699
211.625271 0.460646808 -0.369774729 -0.777421951 -0.122940101 0.589786887 0.052540470 0.796414912
212.075271 0.404394567 -0.365815848 -0.707425296 -0.122784324 0.470775396 0.035232905 0.872956574
212.525271 0.296907812 -0.338536024 -0.666564465 -0.129989401 0.329517514 0.021482807 0.934911489
213.025270 0.142054528 -0.329702348 -0.629771709 -0.111187093 0.202961341 0.006238693 0.972833633
213.475270 0.065987810 -0.337065339 -0.562379301 -0.110531718 0.052366734 0.003916365 0.992484331
213.925271 0.116690405 -0.359705538 -0.475658327 -0.117935404 -0.125337869 -0.004991728 0.985066891
214.275270 0.021766331 -0.340186179 -0.491003096 -0.116379932 -0.236755744 -0.018408524 0.964398026
214.675270 -0.028743327 -0.341006160 -0.521406889 -0.101101547 -0.355463147 -0.033976905 0.928584933
214.975270 -0.055552691 -0.332389235 -0.582621992 -0.099222057 -0.443343163 -0.046399355 0.889634132
215.275270 -0.042597532 -0.347029448 -0.648654103 -0.095962100 -0.531966746 -0.046272360 0.840036690
215.675270 -0.054277778 -0.363422573 -0.744768500 -0.085293680 -0.593488038 -0.041869093 0.799214482
216.075270 -0.058258891 -0.373657644 -0.865254760 -0.074218750 -0.653172672 -0.044980869 0.752219319
216.125270 -0.059274971 -0.376546383 -0.878741562 -0.071757510 -0.660492897 -0.044459336 0.746071935
216.675270 -0.079160452 -0.387569666 -1.037710905 -0.066411756 -0.744159043 -0.050346147 0.662783682
219.525269 0.224340409 -0.361185163 -0.542002499 -0.095813550 -0.282483280 -0.021986695 0.954221964
220.075269 0.349481672 -0.352216959 -0.427802354 -0.105102658 -0.158611193 -0.018410252 0.981558442
220.475269 0.420841008 -0.329713345 -0.377365798 -0.131334201 -0.050453998 -0.012412615 0.989975572
221.225268 0.428841025 -0.329109997 -0.301916599 -0.121642374 0.134549886 0.014866548 0.983299792
222.825268 0.449835777 -0.272446364 0.317638546 -0.103874259 0.025746161 0.017424129 0.994104505
223.625268 0.265846908 -0.238400325 0.786444843 -0.123072423 -0.121426031 -0.003796521 0.984933794
224.225268 0.234389067 -0.249480724 1.198591232 -0.128287673 -0.307617277 -0.036746863 0.942105889
224.875267 -0.025530487 -0.225110471 1.451527476 -0.113543049 -0.428525478 -0.036513150 0.895623088
225.375267 -0.240237236 -0.226057082 1.556662917 -0.108499706 -0.560816169 -0.043788586 0.819631457
225.675267 -0.355349243 -0.234883279 1.604136944 -0.086408056 -0.646686733 -0.066303760 0.754939556
226.275267 -0.568856955 -0.205895662 1.626704335 -0.078781597 -0.720202804 -0.065334000 0.686172664
226.925267 -0.860104799 -0.211075902 1.580924749 -0.069979891 -0.780096471 -0.067089409 0.618103027
227.475267 -1.071922064 -0.245121926 1.548473477 -0.028586477 -0.854586065 -0.060419776 0.514990211
227.975267 -1.214016557 -0.326379985 1.517968893 -0.001445366 -0.864268422 -0.020166781 0.502624452
228.275267 -1.271607995 -0.401807129 1.479003906 0.026967907 -0.858606637 0.023698175 0.511376381
228.925267 -1.343767881 -0.491806746 1.446386695 0.062772125 -0.821230233 0.091820657 0.559651256
229.975266 -1.452216148 -0.271818340 1.407524228 -0.017578037 -0.805803120 0.011799780 0.591805041
230.325266 -1.456741452 -0.165581048 1.390405416 -0.016961100 -0.804234684 -0.018537272 0.593780577
230.625266 -1.460526347 -0.099030428 1.386829019 -0.022270169 -0.769134104 -0.035971716 0.637685537
230.925266 -1.519659638 -0.068145379 1.387859702 -0.051476624 -0.730942726 -0.042173620 0.679186523
231.375266 -1.694385648 -0.073128909 1.345365524 -0.055423263 -0.750053346 -0.024749452 0.658586144
231.825266 -1.849794388 -0.087926298 1.313773990 -0.054976899 -0.766346931 -0.018872857 0.639791965
232.275266 -1.979681253 -0.100363910 1.292607784 -0.068572320 -0.743064284 -0.007677857 0.665653408
232.525265 -2.072329283 -0.106137067 1.260352373 -0.065132394 -0.728758991 -0.007311665 0.681626439
232.875266 -2.185938835 -0.123309724 1.224442005 -0.062069029 -0.693523228 0.000367419 0.717755497
233.875265 -2.400768757 -0.109780207 1.187218189 -0.077917755 -0.608735979 -0.004410207 0.789525092
234.475265 -2.444607735 -0.105973408 1.099825859 -0.077810638 -0.695213616 -0.004566352 0.714564681
234.725265 -2.423368931 -0.114316896 1.056992531 -0.070124879 -0.742727339 -0.011596949 0.665810883
234.925265 -2.386967659 -0.127872437 1.035875320 -0.064342156 -0.778634667 -0.004544653 0.624153435
235.275265 -2.263571739 -0.163800701 1.032919645 -0.057521164 -0.822926819 0.002902731 0.565220654
235.625265 -2.139135599 -0.189462021 1.060451388 -0.058160119 -0.858859718 0.006071597 0.508862019
235.875265 -2.048803091 -0.190137058 1.070146322 -0.066902444 -0.892932892 0.001190872 0.445189327
236.325264 -1.886105895 -0.183106303 1.098262310 -0.076735057 -0.930090964 -0.017834803 0.358782053
237.275264 -1.526336670 -0.223473877 1.270880222 -0.086608998 -0.925555348 -0.003386175 0.368557662
237.675264 -1.425388813 -0.258389175 1.296444178 -0.076464020 -0.958151519 0.008670127 0.275724202
237.925265 -1.358715534 -0.248752207 1.292954683 -0.080225758 -0.974278986 -0.001650675 0.210574597
238.075264 -1.323767424 -0.231939554 1.302599192 -0.078379944 -0.981021941 -0.018467482 0.176384643
238.175265 -1.299016714 -0.217218578 1.309931278 -0.076305285 -0.983829737 -0.033851117 0.158463553
238.375264 -1.263133287 -0.193020582 1.327618837 -0.076506056 -0.985937893 -0.052179240 0.139106631
238.575264 -1.245183468 -0.173543006 1.351472139 -0.068114333 -0.985331416 -0.067595027 0.141114831
238.775264 -1.226298451 -0.151951447 1.387488246 -0.058234926 -0.981835365 -0.083375022 0.160176724
238.875264 -1.208916664 -0.140696093 1.409167886 -0.059894450 -0.979318619 -0.092248574 0.169817418
238.975264 -1.182265043 -0.128709316 1.427187562 -0.058032177 -0.978413165 -0.101842150 0.170200258
239.125264 -1.133586168 -0.116835974 1.452763200 -0.058746476 -0.979134679 -0.108814374 0.161256343
239.225264 -1.099129319 -0.110301174 1.465351343 -0.061250750 -0.980183482 -0.116991818 0.147653818
239.325264 -1.063223004 -0.103525132 1.470153689 -0.056564525 -0.982827783 -0.123667493 0.124725468
239.375264 -1.046083450 -0.099502891 1.470872879 -0.053960592 -0.984040320 -0.128007025 0.111207724
239.475264 -1.011943579 -0.094732553 1.470917463 -0.046766873 -0.986434937 -0.131339833 0.086653560
239.525264 -0.997191548 -0.093126088 1.469835162 -0.045502733 -0.987287879 -0.132947579 0.074277326
239.625264 -0.969153404 -0.090996653 1.466249466 -0.042030744 -0.988881707 -0.132843763 0.051951479
239.725264 -0.943814874 -0.090748638 1.461149693 -0.040470518 -0.989999712 -0.131581739 0.030805644
239.825264 -0.921320140 -0.090277180 1.454769135 -0.037359938 -0.990428448 -0.132448256 0.010641519
239.925264 -0.901909769 -0.088998809 1.446545839 0.033679139 0.990401685 0.133516550 0.011979919
240.025264 -0.882224619 -0.089120626 1.438767672 0.026761351 0.989571393 0.135840699 0.039744209
240.125264 -0.863351703 -0.092647612 1.432150126 0.018662509 0.988182604 0.135133341 0.069898911
240.275264 -0.835149646 -0.098985583 1.423374772 0.005689133 0.984222293 0.133309722 0.116200879
240.425264 -0.803697050 -0.106791019 1.418419003 -0.007616248 0.977364540 0.128602952 0.167814821
240.625264 -0.756835997 -0.114116848 1.419539094 -0.024231208 0.964114964 0.121451624 0.234829023
240.825263 -0.706376493 -0.117314488 1.427219510 -0.038365643 0.945778787 0.113567702 0.301882476
241.175263 -0.630248070 -0.125279784 1.449621201 -0.060258817 0.899929345 0.103875585 0.419172943
241.675263 -0.525894523 -0.131254122 1.501328588 -0.068932839 0.835995734 0.108984932 0.533368230
242.125263 -0.366307855 -0.100659207 1.561827898 -0.087583706 0.781694829 0.108216427 0.607923925
242.475263 -0.239706159 -0.063236892 1.660937309 -0.103776321 0.718774498 0.104289718 0.679497957
242.875263 -0.141045809 -0.011917710 1.808844566 -0.139617130 0.643029451 0.100796841 0.746230662
243.325263 -0.077760935 0.020933211 1.902663946 -0.167749256 0.572520554 0.081411570 0.798406363
243.775263 -0.046375871 -0.001791596 1.938877344 -0.164434120 0.446691751 0.050052203 0.878022075
244.075263 -0.051931709 -0.052370548 1.927256346 -0.146382660 0.364402384 0.012151600 0.919584334
244.425263 -0.082483232 -0.125329524 1.898893714 -0.111122213 0.316717744 0.023342278 0.941698968
244.725262 -0.118111581 -0.203533798 1.892293096 -0.087425150 0.303124219 0.006097128 0.948912740
245.225262 -0.196108609 -0.359336078 1.919586420 -0.070270114 0.305540860 -0.018379547 0.949404657
245.775262 -0.211601883 -0.504545271 1.931795359 -0.051301286 0.327635139 -0.027909299 0.942997575
246.125262 -0.174854994 -0.577220261 1.899243832 -0.059409536 0.361809969 -0.022313979 0.930089295
246.425262 -0.110435545 -0.613964736 1.812841892 -0.060877811 0.428672761 -0.028936354 0.900941849
246.825262 -0.023128629 -0.629962742 1.681497097 -0.059719615 0.508478045 -0.027446190 0.858562946
247.475262 0.054061532 -0.650939584 1.537980080 -0.068353616 0.590471208 -0.041239887 0.803100765
247.975262 0.082483768 -0.654440284 1.415130734 -0.059304435 0.644715250 -0.032496616 0.761425853
248.975262 0.062018514 -0.480172455 1.346968412 -0.032840449 0.654942632 -0.026008092 0.754516542
249.525261 0.040862679 -0.352557600 1.352311850 -0.046226665 0.653600633 -0.009537629 0.755366385
249.875261 0.025248647 -0.269610494 1.320589185 -0.051861871 0.674989283 0.012957539 0.735888600
250.175261 0.007568598 -0.179162517 1.260519862 -0.068520606 0.708936155 0.049404535 0.700195432
250.575261 0.017218590 -0.100209758 1.172176242 -0.084916227 0.743797898 0.066600733 0.659634948
251.075261 -0.001503825 0.005770423 1.067047000 -0.100711197 0.774803042 0.098688878 0.616277575
252.075261 0.075074792 -0.153319478 0.998753726 -0.105019681 0.777555466 0.114958823 0.609231353
252.575261 0.107378364 -0.294087052 0.919911802 -0.079721130 0.773398519 0.113653675 0.618532240
252.975261 0.087476313 -0.363799751 0.789359808 -0.067029037 0.779376924 0.101832636 0.614580214
253.375260 0.084285200 -0.387886882 0.632959604 -0.077601165 0.789616942 0.078709871 0.603562713
253.975260 0.157266110 -0.441104472 0.456073254 -0.069152944 0.791074634 0.039452191 0.606516600
254.375260 0.274355471 -0.517591000 0.352939248 -0.060585819 0.746288896 -0.008946503 0.662798762
254.675260 0.357248783 -0.582251847 0.286696821 -0.036808226 0.685083508 -0.052052163 0.725669563
255.025260 0.452895015 -0.622735381 0.208270431 -0.036874540 0.561844826 -0.081660785 0.822376013
255.475260 0.497359872 -0.653373063 0.168258205 -0.008028761 0.467242330 -0.089588128 0.879541993
256.175260 0.553110898 -0.534338355 0.113906011 0.031112406 0.329329133 -0.048757225 0.942442060
256.425260 0.594651878 -0.491895109 0.112281501 0.014636665 0.251634657 -0.027455095 0.967322052
256.825259 0.595557928 -0.426320642 0.098614261 -0.021226691 0.162028477 -0.002537220 0.986554503
258.125259 0.546364307 -0.311245799 -0.256949246 -0.075512111 0.193064392 0.039609283 0.977473855
258.775259 0.631855488 -0.297810555 -0.569336712 -0.089682572 0.287639588 0.054011539 0.951999605
259.275259 0.661273479 -0.297104388 -0.801096022 -0.094398312 0.383829623 0.066275619 0.916172147
259.675259 0.651178062 -0.318983644 -0.952721298 -0.089653514 0.487019062 0.076550335 0.865398586
260.125259 0.627340496 -0.343585163 -1.061752439 -0.081696942 0.572719336 0.086857483 0.811032653
260.625258 0.549071252 -0.352254450 -1.123060822 -0.088236503 0.660516202 0.092658855 0.739829004
261.175259 0.364536285 -0.360223383 -1.130781174 -0.066562273 0.759019136 0.116867796 0.637025416
261.525258 0.248431206 -0.352415949 -1.159381151 -0.061419077 0.815426350 0.118169501 0.563332558
262.175258 0.102415919 -0.356483608 -1.225594044 -0.052902721 0.882808447 0.123701237 0.450054079
263.225258 0.356524944 -0.425766021 -1.474515200 -0.040540799 0.882793427 0.075348265 0.461903512
264.175258 0.641881108 -0.626035690 -1.685997248 0.020633601 0.873268664 0.002994600 0.486792713
266.175257 0.870710611 -0.484643221 -1.740239739 -0.001492525 0.680135012 0.006069824 0.733060241
266.625257 0.893429160 -0.433862478 -1.644806504 -0.003795739 0.628339350 0.054143853 0.776043534
266.975257 0.906125069 -0.409185708 -1.557542920 -0.022847641 0.587581217 0.077224225 0.805147648
267.225257 0.881923318 -0.379575044 -1.499290466 -0.031796567 0.556960821 0.076231875 0.826421380
267.575257 0.851703405 -0.315937042 -1.427336574 -0.085853651 0.523898661 0.083383173 0.843330741
268.125257 0.747434735 -0.265933752 -1.311556101 -0.123578146 0.504509270 0.072810985 0.851409078
268.525256 0.641454458 -0.252556443 -1.171447873 -0.125052899 0.448320359 0.090139195 0.880480289
269.575256 0.519658267 -0.220527917 -1.320505381 -0.149797365 0.587674975 0.132613093 0.783972383
269.875256 0.465508580 -0.235529110 -1.445837498 -0.145241737 0.652853191 0.145744100 0.729003608
270.175256 0.377002120 -0.250816703 -1.528938651 -0.139224678 0.693171382 0.154747546 0.690060198
270.575256 0.244499564 -0.282267094 -1.550822496 -0.125752434 0.736401498 0.144866779 0.648778021
271.125256 -0.024124980 -0.306500912 -1.488013983 -0.096919246 0.817824304 0.162794203 0.543385804
272.825255 -0.245715737 -0.465781659 -1.355740786 -0.058902647 0.951979995 0.136891946 0.267442048
273.025255 -0.275850296 -0.486006528 -1.294339538 -0.049565800 0.970440567 0.141288996 0.189277157
273.325255 -0.277884543 -0.494243026 -1.138500929 -0.016987002 0.986676991 0.148386359 0.064509653
273.775255 -0.301236749 -0.502545595 -0.962633967 -0.006068741 -0.986213505 -0.159534022 0.043531694
274.425255 -0.357455254 -0.530073404 -0.922411680 -0.027149873 -0.971227050 -0.135086611 0.194248512
274.925255 -0.443316519 -0.553694069 -1.048873544 -0.044588450 -0.967891812 -0.102373287 0.225204423
275.375255 -0.543736219 -0.595054865 -1.206774116 -0.043438897 -0.968001902 -0.083411716 0.232653931
276.275255 -0.763388276 -0.561792493 -1.467390060 -0.063854441 -0.954396248 -0.089272931 0.277634293
276.775255 -0.996883333 -0.520148516 -1.601029396 -0.057425126 -0.966343701 -0.103721179 0.228307202
277.175254 -1.190228701 -0.510552466 -1.692780733 -0.010977783 -0.985395193 -0.105668537 0.133078605
277.725254 -1.317816019 -0.460640848 -1.917054057 -0.029186027 -0.990886390 -0.121495098 0.050312430
278.225254 -1.386616468 -0.450955510 -2.118116379 0.016065251 0.989205658 0.115802176 0.088339694
278.625254 -1.498603821 -0.442062169 -2.252224922 -0.025880503 0.968061209 0.122182101 0.217392087
279.175254 -1.577512741 -0.456640422 -2.505660534 -0.012135127 0.943464696 0.124005489 0.307164192
279.825254 -1.653908968 -0.477341175 -2.862668991 -0.037641186 0.873325109 0.116685703 0.471456110
280.325253 -1.657004595 -0.450884849 -3.100811481 -0.051066220 0.826517940 0.116013028 0.548453629
280.775254 -1.570976019 -0.476505816 -3.302877903 -0.048030373 0.799806535 0.106920592 0.588702500
281.275253 -1.440638781 -0.482087463 -3.440644741 -0.054201327 0.713493466 0.076042451 0.694411159
281.825253 -1.319786549 -0.466561496 -3.523256779 -0.054988325 0.625694335 0.078093700 0.774199128
282.225253 -1.119341612 -0.569768786 -3.842977047 -0.063960105 0.542775691 0.066759586 0.834773540
282.675253 -0.952851355 -0.557961583 -3.853189945 -0.051733661 0.447186559 0.067838036 0.890362740
282.975253 -0.883819580 -0.526380837 -3.821350574 -0.057847381 0.355221629 0.055003483 0.931367815
283.225253 -0.894131958 -0.543719888 -3.784513235 -0.062850967 0.296746045 0.047066849 0.951722860
283.375253 -0.902710617 -0.551828265 -3.765873432 -0.054816756 0.261877567 0.041091319 0.962666512
283.475253 -0.916166902 -0.557098389 -3.738291264 -0.048436027 0.238896504 0.038819626 0.969059050
283.575253 -0.924175322 -0.566278100 -3.716908216 -0.043382321 0.217657328 0.037210617 0.974350393
283.725253 -0.946144342 -0.588622510 -3.684654474 -0.036581039 0.198305339 0.029791139 0.979004264
284.175253 -0.986887872 -0.662938356 -3.628934145 -0.042606946 0.195216551 0.007512318 0.979805470
284.475253 -1.022003531 -0.708495855 -3.574754000 -0.038386133 0.179353714 -0.016547624 0.982896209
284.625253 -1.054826617 -0.719907343 -3.533519268 -0.035233941 0.157463655 -0.024644706 0.986588240
284.775253 -1.094685197 -0.724652290 -3.485206842 -0.027076963 0.131490245 -0.026575252 0.990591228
284.875252 -1.129130840 -0.728046954 -3.458490372 -0.022042792 0.112049803 -0.024318932 0.993160367
284.975253 -1.159185290 -0.729118109 -3.424427271 -0.016929029 0.091233604 -0.022925368 0.995421648
285.125253 -1.201324940 -0.725024045 -3.379582644 -0.010855195 0.059669774 -0.014397819 0.998055339
285.425253 -1.285979390 -0.697140157 -3.289056063 -0.017168328 -0.003165891 0.004570414 0.999837160
285.625252 -1.329768062 -0.665651977 -3.241612673 -0.023848169 -0.052710555 0.013436527 0.998234630
286.075252 -1.348322034 -0.554540277 -3.139559031 -0.048897009 -0.158247888 0.039200880 0.985408545
286.475252 -1.330435038 -0.433865190 -3.094439507 -0.086599506 -0.240818247 0.001497943 0.966697931
286.975252 -1.302415729 -0.295788676 -3.098104477 -0.143902183 -0.281152278 -0.011042269 0.948748469
287.525252 -1.329306602 -0.228421748 -3.140119553 -0.162310243 -0.318040401 -0.005849280 0.934061825
287.975252 -1.466908216 -0.212035298 -3.198550463 -0.168048844 -0.427482784 -0.029150529 0.887788475
288.375251 -1.580020308 -0.259884536 -3.222909451 -0.133697867 -0.496292710 -0.034274604 0.857113600
288.575252 -1.621035099 -0.289771765 -3.223069429 -0.115327209 -0.507911026 -0.036052775 0.852892876
288.775251 -1.654709697 -0.327565640 -3.215943575 -0.102339506 -0.508974016 -0.031946454 0.854079425
288.975252 -1.684743404 -0.372419685 -3.202635288 -0.106823064 -0.498486876 -0.026527001 0.859881401
289.175251 -1.714091659 -0.434805572 -3.187524557 -0.099933065 -0.491520911 -0.024422364 0.864768326
289.375251 -1.733454823 -0.512471914 -3.177293777 -0.080544688 -0.482119679 -0.020792073 0.872147322
289.425252 -1.734677315 -0.533342481 -3.176745653 -0.074216038 -0.478532255 -0.020629840 0.874684751
289.625251 -1.736642599 -0.602599561 -3.186247349 -0.058116216 -0.469381571 -0.024601860 0.880737364
289.875251 -1.729470253 -0.666082978 -3.199776173 -0.034180004 -0.450307280 -0.032322630 0.891633570
290.725251 -1.642772436 -0.810010850 -3.232342720 -0.008870640 -0.342603564 -0.029699512 0.938968658
292.925251 -1.320641398 -0.452975720 -3.208418846 -0.052217241 -0.047449887 0.006837179 0.997484386
293.325250 -1.320701361 -0.329997957 -3.103010178 -0.099356100 -0.040535748 0.038577534 0.993477225
293.525250 -1.319173574 -0.285771072 -3.064084291 -0.129975945 -0.015565613 0.035711233 0.990751565
293.875250 -1.344468474 -0.238138437 -3.020608902 -0.153019860 0.102444030 0.047703106 0.981740594
294.025250 -1.359912515 -0.249642998 -3.013470650 -0.146698594 0.169385955 0.065040119 0.972397923
294.125250 -1.368865967 -0.257520199 -3.010871410 -0.137013197 0.212048277 0.077056453 0.964533687
294.275250 -1.372671962 -0.282105148 -3.009540319 -0.128051072 0.265555173 0.094730809 0.950846672
294.375250 -1.373472929 -0.292127460 -3.003033161 -0.124636598 0.291744441 0.098969549 0.943162739
294.425250 -1.371363878 -0.298589051 -2.995758533 -0.121752061 0.301740348 0.105197132 0.939714193
294.675250 -1.352684021 -0.334354222 -2.941906214 -0.104221962 0.331227928 0.121374272 0.929889321
294.725250 -1.346063256 -0.339338988 -2.924364567 -0.097306080 0.335255325 0.123006828 0.928980529
294.825250 -1.336634040 -0.352323651 -2.883916855 -0.086501971 0.343881756 0.119918942 0.927298307
294.975250 -1.322657943 -0.380534768 -2.834274054 -0.068332054 0.362024277 0.118531972 0.922073424
295.225250 -1.296671510 -0.433963865 -2.770471811 -0.048830740 0.409635991 0.119489804 0.903070390
295.525250 -1.321864963 -0.499204457 -2.756809235 -0.028007079 0.460290849 0.126096219 0.878320992
295.925251 -1.442980289 -0.591294169 -2.793748379 0.017812856 0.539899528 0.089335784 0.836785734
296.475250 -1.627106905 -0.643309057 -2.931456327 -0.003307981 0.642632723 0.096806802 0.760026753
296.825249 -1.691523671 -0.598990440 -3.001056671 -0.029907040 0.688468039 0.099004261 0.717854798
297.175249 -1.753547072 -0.540009677 -3.041600466 -0.056488089 0.722285867 0.136741713 0.675584137
297.375249 -1.780233741 -0.514471889 -3.066037893 -0.065754876 0.741014540 0.169012740 0.646535695
297.825249 -1.830280781 -0.459229082 -3.124374390 -0.084596530 0.778927863 0.186579853 0.592707992
298.225249 -1.871532440 -0.444996506 -3.195258617 -0.100561514 0.821247995 0.199569806 0.524986744
299.625249 -1.724572659 -0.383040428 -3.030524015 -0.146441758 0.690741241 0.188171312 0.682658672
299.875249 -1.695442200 -0.375487447 -2.950322151 -0.154609263 0.630434215 0.183663070 0.738184631
300.175249 -1.672576904 -0.369458556 -2.842343569 -0.158437654 0.554392278 0.174989775 0.798075974
300.425249 -1.652271271 -0.364406496 -2.745799780 -0.160471454 0.479582220 0.164654240 0.846840501
300.775249 -1.630997896 -0.361715794 -2.632917404 -0.176933110 0.364207059 0.135651797 0.904238045
301.075249 -1.603127241 -0.375566244 -2.571911335 -0.187426805 0.253408909 0.106051296 0.943084419
301.475248 -1.608213902 -0.378299177 -2.523155212 -0.189056680 0.111690558 0.075446144 0.972671926
301.875248 -1.666108847 -0.377312750 -2.517289400 -0.193745255 -0.005271467 0.048956238 0.979815483
302.125248 -1.721433520 -0.383100867 -2.536219358 -0.185923576 -0.089683123 0.037887014 0.977729023
302.425249 -1.780750751 -0.390974641 -2.595609426 -0.190443844 -0.208820328 0.013989001 0.959129572
302.725248 -1.822767496 -0.398582488 -2.648630857 -0.191069156 -0.324722350 -0.011202785 0.926241100
303.025248 -1.906347394 -0.404611737 -2.698185682 -0.186393097 -0.413313746 -0.026321918 0.890918970
303.375248 -2.037505627 -0.398259491 -2.702781677 -0.180830628 -0.508511662 -0.042282466 0.840790331
303.525248 -2.099924564 -0.395842016 -2.702477932 -0.171984792 -0.546027601 -0.048395671 0.818494320
303.575248 -2.118713379 -0.395658314 -2.704216480 -0.169932812 -0.557312787 -0.050101735 0.811181307
303.625248 -2.138037443 -0.396407574 -2.708176613 -0.167698637 -0.569799840 -0.053027052 0.802741230
303.775248 -2.189258337 -0.393598229 -2.727990627 -0.159284800 -0.607288420 -0.064561218 0.775668085
303.875248 -2.220325708 -0.391505182 -2.743602276 -0.156863570 -0.624988377 -0.069832228 0.761516094
303.975248 -2.249930620 -0.389880776 -2.759418726 -0.155716553 -0.637665808 -0.073778249 0.750793874
304.125248 -2.295047760 -0.388145775 -2.781160831 -0.153219700 -0.647290647 -0.075710908 0.742836773
304.225248 -2.333088636 -0.386268556 -2.792413235 -0.148737207 -0.649085760 -0.074607350 0.742292881
304.475248 -2.419969082 -0.395807773 -2.816692829 -0.146770909 -0.634224296 -0.065384716 0.756268919
304.725247 -2.511355877 -0.407712907 -2.835295200 -0.144967079 -0.621625185 -0.053982656 0.767888367
304.875247 -2.557764769 -0.415793180 -2.843940973 -0.142940968 -0.617530048 -0.049313165 0.771876097
304.975248 -2.591465950 -0.419842988 -2.849643707 -0.143211707 -0.614783943 -0.043714724 0.774351418
305.275247 -2.682805061 -0.430711538 -2.845972538 -0.143728659 -0.608128905 -0.029939214 0.780144274
306.025247 -3.039006948 -0.494384050 -2.719803333 -0.147897378 -0.577996075 -0.003666586 0.802516937
306.825247 -3.276987076 -0.544142663 -2.533698082 -0.152063787 -0.471572071 0.030321525 0.868088126
308.075247 -3.780040503 -0.497280270 -2.126011848 -0.143742800 -0.566897988 -0.036882747 0.810311258
308.675247 -4.140031815 -0.539088488 -2.027098179 -0.094280280 -0.620901525 -0.020460840 0.777929306
309.375246 -4.478557587 -0.558839023 -1.950551033 -0.075683512 -0.703634024 0.003846896 0.706510067
310.175246 -4.840096474 -0.549445510 -1.865512371 -0.087736331 -0.839845300 -0.041408047 0.534085751
311.275246 -5.054782867 -0.550623000 -2.096271992 -0.074121684 -0.941805005 -0.034419380 0.326074600
312.125246 -4.954385757 -0.544546485 -1.985674858 -0.059714984 -0.988015115 -0.044837043 0.135092363
312.875245 -4.792356968 -0.456753194 -1.753906965 0.046569467 0.994259417 0.095888436 0.009217483
313.225245 -4.740437508 -0.443251491 -1.708760381 0.042682473 0.988155365 0.111642823 0.096244894
313.475245 -4.676471233 -0.410396397 -1.703568935 0.037509255 0.980456173 0.125870019 0.146477148
313.825245 -4.578501701 -0.356311053 -1.710058808 0.008488465 0.961914837 0.152065367 0.226989031
314.125245 -4.514022827 -0.322660208 -1.682973266 -0.015570304 0.947666764 0.163420677 0.273822904
314.825245 -4.341938496 -0.494431049 -1.707254171 0.013823797 0.925722301 0.122000933 0.357718974
315.625245 -4.276220322 -0.706296563 -1.752430916 0.020696919 0.902187645 0.058030978 0.426920980
316.975245 -4.556415558 -0.720687509 -1.759204745 0.012658218 0.957996666 0.038930718 0.283842564
317.475244 -4.720281601 -0.710390687 -1.772428870 0.016603336 0.984881043 0.038957547 0.167976096
319.075244 -5.071526051 -0.608870745 -1.844331264 -0.051067527 -0.907449782 -0.029319415 0.416013718
319.625244 -5.144143105 -0.602400839 -1.770959854 -0.051068772 -0.825589538 -0.039183363 0.560587704
320.075244 -5.216993332 -0.579879284 -1.757523537 -0.051035210 -0.777697623 -0.032857038 0.625701427
320.175244 -5.221297741 -0.563282430 -1.756066322 -0.059330247 -0.765477836 -0.035067368 0.639760792
320.375243 -5.219542027 -0.545375228 -1.758964062 -0.083713919 -0.734173179 -0.045622800 0.672235310
320.525244 -5.205125332 -0.536722064 -1.777768850 -0.099099189 -0.705038786 -0.052878518 0.700216770
320.725243 -5.167639732 -0.520987213 -1.803357840 -0.117481954 -0.663692772 -0.058828454 0.736375690
321.025243 -5.097786903 -0.501286507 -1.876544714 -0.148245052 -0.604116142 -0.060677756 0.780631363
321.325243 -5.004547596 -0.486657977 -1.909133673 -0.177252978 -0.543027461 -0.060293570 0.818576396
321.775243 -4.912299633 -0.473706901 -1.897469640 -0.200705186 -0.449348122 -0.060722951 0.868398786
322.425243 -4.871551991 -0.486952066 -1.807963371 -0.192222074 -0.263411850 -0.030698268 0.944839954
323.075243 -4.858468056 -0.606963694 -1.872676730 -0.114904895 -0.107376575 -0.005555762 0.987540543
323.675243 -4.958919525 -0.727047920 -2.120643377 -0.037992571 0.015676422 0.006716116 0.999132454
324.175243 -4.922795773 -0.838404953 -2.268358231 0.014764864 0.129033342 0.007229581 0.991504014
326.175242 -4.767000675 -0.608204722 -2.380828857 -0.076098062 0.427228749 0.050177220 0.899537086
326.675242 -4.868945122 -0.529474318 -2.332125187 -0.073356621 0.598384440 0.066352971 0.795079947
327.075242 -4.947200775 -0.446157545 -2.308947086 -0.073740244 0.678803921 0.093594551 0.724587977
327.475242 -4.997900009 -0.372621775 -2.283802509 -0.089739434 0.727310002 0.086266890 0.674925983
328.275242 -5.053496838 -0.357222021 -2.323718071 -0.073807925 0.797342718 0.069975637 0.594895363
329.775241 -4.659344673 -0.450543672 -2.311425686 -0.041272279 0.715935707 0.067067817 0.693710685
330.075241 -4.562680244 -0.467007518 -2.230546474 -0.048805315 0.643742561 0.067871153 0.760662258
330.425241 -4.508415222 -0.458777428 -2.105789900 -0.049749058 0.573510885 0.077604227 0.813995004
330.775241 -4.502389431 -0.473224521 -1.952725649 -0.055050563 0.480703861 0.081050053 0.871392071
331.625241 -4.499939442 -0.604864299 -1.752342224 -0.060726795 0.368745059 -0.071548387 0.924781144
332.625240 -4.513916492 -0.734698951 -1.547857046 0.020570964 0.219604328 -0.062229101 0.973384976
333.325240 -4.528140545 -0.756071568 -1.370973587 0.034734827 0.077467240 -0.030903107 0.995910287
333.975241 -4.595213413 -0.674174786 -1.264367580 -0.040423982 -0.081609756 -0.005255271 0.995830357
334.325240 -4.646919250 -0.603517175 -1.231360674 -0.092414744 -0.202310041 -0.019121641 0.974763811
334.725240 -4.599268913 -0.626006901 -1.269941568 -0.112009682 -0.307487696 -0.058339704 0.943133950
334.925240 -4.581367016 -0.633128881 -1.347138882 -0.119794473 -0.365332127 -0.087945245 0.918938220
335.125240 -4.547143459 -0.629730999 -1.418131948 -0.139315486 -0.413976818 -0.099768542 0.894013762
335.425240 -4.495656967 -0.606691003 -1.484324932 -0.174821511 -0.470999628 -0.113511302 0.857153416
335.875240 -4.397815704 -0.549831510 -1.495173216 -0.210865006 -0.522606850 -0.154201552 0.811566353
336.925240 -4.387029648 -0.524497807 -1.589765072 -0.155550346 -0.663722634 -0.206892252 0.701763451
337.475239 -4.573260784 -0.495068431 -1.712474346 -0.139248952 -0.744639993 -0.204466224 0.619931102
338.075239 -4.814460278 -0.452583909 -1.862511635 -0.140471026 -0.783555984 -0.198984712 0.571588159
338.425239 -4.907147408 -0.441579461 -1.976245403 -0.129050493 -0.836071908 -0.196613327 0.495654017
338.725239 -4.979894161 -0.441383600 -2.057917595 -0.102409139 -0.897087097 -0.191501886 0.384803981
339.275239 -5.008272171 -0.496987581 -2.082588196 -0.051212840 -0.954094887 -0.166865066 0.243385062
340.725238 -4.804580688 -0.578299999 -1.867937326 -0.034925848 -0.994643152 -0.096073627 0.015331384
342.675238 -4.712223053 -0.565009475 -1.208978057 0.008302446 0.970380366 0.078142874 0.228444308
343.975238 -4.415301800 -0.585195243 -1.320428610 0.007832089 0.948171377 0.046153802 0.314292043
345.525237 -4.074186325 -0.622230053 -2.061777830 0.023085207 0.947570801 0.037677858 0.316476107
345.975238 -3.946794033 -0.733827412 -2.341609240 -0.002280586 0.935229123 0.009722290 0.353902340
346.725237 -3.712712288 -0.577006102 -2.721053600 0.004114567 0.937226892 0.102422044 0.333314478
347.275237 -3.619791031 -0.375522524 -2.864582062 -0.025621429 0.934931278 0.156135991 0.317598104
347.775237 -3.484916687 -0.238565683 -2.913946629 -0.075998008 0.899382353 0.148675308 0.404019028
348.075237 -3.398853779 -0.197998524 -2.899503231 -0.092020892 0.862516940 0.161966532 0.470492870
348.225237 -3.337701797 -0.198563576 -2.896569490 -0.099664427 0.838883281 0.149473086 0.513808966
348.325236 -3.292408228 -0.207847476 -2.894255161 -0.097815894 0.823835135 0.137800932 0.541053236
348.525236 -3.196320295 -0.234665573 -2.906130314 -0.086007454 0.801442444 0.112142190 0.581134140
348.825236 -3.023737669 -0.479065537 -3.229136705 -0.096923463 0.750403047 0.119939581 0.642740667
349.175236 -2.840093613 -0.499575555 -3.217076063 -0.094440021 0.699223042 0.100763381 0.701437831
349.325236 -2.742172480 -0.510194659 -3.205711603 -0.086848654 0.664628506 0.083065122 0.737445891
349.525236 -2.605141878 -0.520285547 -3.192800522 -0.083166353 0.622157216 0.075097777 0.774831653
349.675236 -2.515862465 -0.522935688 -3.173853874 -0.080439262 0.595582902 0.071137190 0.796084166
349.875236 -2.386192799 -0.523521066 -3.142520189 -0.067883529 0.570319831 0.070850007 0.815541089
349.975237 -2.316527843 -0.526882291 -3.122787714 -0.060052175 0.563062608 0.062332023 0.821869195
350.225236 -2.134469271 -0.539363801 -3.044042587 -0.054648452 0.544612229 0.064183280 0.834440947
350.525237 -1.933648109 -0.549121797 -2.918276787 -0.051512532 0.475584537 0.056191497 0.876360893
350.625236 -1.883241415 -0.545574009 -2.865522623 -0.046725884 0.443869114 0.052944850 0.893305004
350.775236 -1.817955494 -0.538177311 -2.775729656 -0.040650226 0.387736887 0.044838127 0.919781089
350.875236 -1.773980498 -0.532497168 -2.713026047 -0.040539134 0.345263779 0.041251145 0.936721921
351.075236 -1.686179280 -0.523009598 -2.590975285 -0.042240623 0.264842838 0.035923794 0.962695956
351.125236 -1.675163031 -0.519043684 -2.565251350 -0.043237574 0.246924430 0.028881410 0.967638731
351.225236 -1.647390008 -0.512932003 -2.518877506 -0.047459055 0.217671961 0.027554533 0.974477947
351.425236 -1.595682383 -0.494127274 -2.430936337 -0.049783383 0.176592022 0.035760738 0.982373714
351.475236 -1.581414580 -0.488843650 -2.406490803 -0.050530337 0.170558915 0.038466901 0.983298838
351.625236 -1.525746942 -0.478458583 -2.329612732 -0.047855861 0.158986241 0.039295707 0.985337079
351.725236 -1.483617544 -0.477539867 -2.270900488 -0.040905859 0.160732150 0.038697008 0.985390544
351.825236 -1.438106537 -0.481854677 -2.219378948 -0.037655320 0.169517219 0.039501294 0.984015107
351.925236 -1.390813708 -0.490648091 -2.175223589 -0.033966724 0.181678012 0.039776143 0.981966019
352.175236 -1.284408450 -0.489069581 -2.073847294 -0.039740074 0.201254323 0.037411340 0.978017330
352.475236 -1.143872499 -0.475831747 -1.948509216 -0.036699012 0.200160474 0.031039696 0.978583455
352.675236 -1.031238437 -0.479677230 -1.854360700 -0.040406480 0.196995780 0.027816132 0.979176342
352.975236 -0.886102796 -0.475644737 -1.744908929 -0.039571028 0.206086040 0.029757312 0.977280498
353.325235 -0.694567800 -0.482928604 -1.655918241 -0.036660369 0.248922333 0.032308713 0.967289984
353.775235 -0.455794334 -0.505383015 -1.560520411 -0.025560498 0.345402896 0.024752827 0.937779725
354.475235 -0.081327438 -0.514898062 -1.486503243 -0.037142340 0.443714708 0.038405821 0.894574046
355.075235 0.160070658 -0.480755419 -1.536693811 -0.049883712 0.583208561 0.044288993 0.809578836
355.425235 0.168196797 -0.547179222 -1.371265411 -0.057914738 0.725383401 0.038805060 0.684805870
355.875235 0.232100844 -0.495705217 -1.474054813 -0.059788331 0.815285385 0.030285772 0.575167716
356.825234 0.295591354 -0.532535791 -1.800741434 -0.045283616 0.917096734 0.022720434 0.395432353
357.225234 0.247043252 -0.504538000 -1.916616917 -0.034023158 0.958553612 0.019466614 0.282202810
357.425235 0.273994446 -0.523247242 -1.858035326 -0.034372736 0.974828720 0.027269259 0.218595266
357.525234 0.283874989 -0.474736601 -1.954085231 -0.029247830 0.974018395 0.024247367 0.223259568
357.725234 0.265513659 -0.472688735 -1.861157894 -0.034546752 0.970688283 0.049449142 0.232648998
358.325234 0.385047793 -0.401983351 -1.739100218 -0.032785378 0.931699634 0.112066701 0.343950480
358.425234 0.398523450 -0.391094923 -1.714369774 -0.039251782 0.919807434 0.116331749 0.372666717
358.775234 0.447670937 -0.379729986 -1.609012127 -0.047128066 0.869793236 0.105327517 0.479734063
359.125234 0.525157928 -0.387140602 -1.490690470 -0.039269045 0.810112000 0.095242739 0.577152729
359.475234 0.545881033 -0.422658026 -1.371591091 -0.039414242 0.716418147 0.081293963 0.691796839
359.875234 0.525032103 -0.419799507 -1.143936038 -0.032796111 0.625083566 0.064394280 0.777205467
360.375233 0.464960903 -0.409048140 -0.893111706 -0.035270900 0.492054760 0.061530776 0.867670476
361.525233 0.363801420 -0.353828371 -0.459868461 -0.041958917 0.088051058 0.048111167 0.994068325
361.625233 0.338333368 -0.340930313 -0.432747900 -0.044479460 0.057749875 0.049283389 0.996121347
362.025233 0.333184838 -0.300904036 -0.312438369 -0.081271470 -0.057652507 0.052864339 0.993617892
362.725233 0.100334540 -0.205598667 -0.186058089 -0.078621767 -0.031238262 0.076698981 0.993458629
363.325233 -0.028298106 -0.091230631 -0.069415778 -0.040520709 -0.022075096 0.074805476 0.996129990
363.575233 -0.082099617 -0.053065501 -0.035935145 -0.024253432 0.001475318 0.089260288 0.995711923
