16.325321 0.000000000 0.000000000 0.000000000 -0.000000000 -0.000000000 -0.000000000 1.000000000
19.675319 0.003233294 -0.255534619 -0.049422525 0.009733288 0.012264876 0.011830855 0.999807417
19.725319 -0.003510576 -0.283087999 -0.063720003 0.009798882 0.017520316 0.006820819 0.999775231
20.025319 -0.032580413 -0.393878728 -0.163832590 0.009363922 0.042601313 -0.009736708 0.999000847
21.825320 0.050837632 -0.519200683 -0.611343324 -0.020716060 0.010859173 -0.010020200 0.999676228
24.075318 0.185875610 -0.519001901 -0.615714669 -0.029781165 -0.156892598 0.013873461 0.987069070
24.575318 0.028036598 -0.514425218 -0.645565152 -0.031561960 -0.281189948 0.015185488 0.959012747
25.075318 -0.116194472 -0.511008620 -0.600742638 -0.012514803 -0.448484510 0.023036838 0.893406093
25.375318 -0.151059389 -0.525270581 -0.643095732 -0.012747196 -0.522332549 0.031961385 0.852047384
25.675318 -0.161844909 -0.526308894 -0.708507717 -0.016048543 -0.591454327 0.043466572 0.805006206
25.925318 -0.146218419 -0.521383643 -0.770284355 -0.027165527 -0.649421513 0.044691358 0.758628011
26.225318 -0.086701691 -0.526630759 -0.854272127 -0.016103515 -0.721643567 0.029633353 0.691442788
26.625318 -0.061926007 -0.539690018 -0.961380959 -0.016298838 -0.813196898 0.058267593 0.578835130
26.975318 -0.024072409 -0.564493716 -1.106911421 -0.003442344 -0.882288575 0.051605452 0.467858791
27.225318 0.041908145 -0.557259023 -1.170322895 0.004067262 -0.921633422 0.056909330 0.383844733
27.475318 0.146252513 -0.554484308 -1.241535187 0.003273998 -0.951885104 0.056134991 0.301252395
27.775317 0.299868822 -0.561350346 -1.273259997 0.005417751 -0.976494133 0.060561754 0.206790149
28.025317 0.418811440 -0.577267230 -1.256831765 0.005596974 -0.991046369 0.053806044 0.122068450
28.275317 0.566897213 -0.581706762 -1.247530222 0.006014313 -0.998445630 0.050161518 0.023537813
28.425317 0.631829381 -0.585646629 -1.220767498 -0.005851106 0.997862279 -0.049572360 0.042180441
28.475317 0.637828827 -0.591381848 -1.217409253 -0.005782592 0.996545911 -0.047987413 0.067528263
28.525317 0.653968811 -0.594209492 -1.218434572 -0.005453621 0.994769812 -0.046028033 0.091020741
28.575317 0.655317307 -0.610169888 -1.227837801 -0.005268729 0.992081881 -0.040996764 0.118596271
28.825317 0.688269138 -0.580421925 -1.276486993 -0.001490594 0.967996955 -0.050728887 0.245777056
29.225317 0.854394794 -0.572873652 -1.151087999 -0.012600360 0.914901316 -0.060187779 0.398966461
29.725317 0.917100489 -0.582682073 -0.983205676 -0.010897829 0.846001565 -0.062428579 0.529400885
30.075317 0.913865745 -0.561002970 -0.836834073 -0.014925278 0.792402923 -0.043765824 0.608242989
30.425317 0.898467243 -0.543373644 -0.695213795 -0.019337587 0.714017510 -0.029982129 0.699218214
30.825317 0.911075234 -0.542456388 -0.587948203 -0.021328883 0.620235085 -0.027583001 0.783640742
31.225317 0.947897315 -0.546877503 -0.592814386 -0.024028094 0.481255293 -0.026106680 0.875862181
31.575316 0.863845348 -0.535639226 -0.504074454 -0.022511058 0.398565412 -0.010333151 0.916805387
32.025316 0.701635599 -0.525705040 -0.377628595 -0.019824823 0.287198693 0.008645258 0.957626879
32.525316 0.512618184 -0.513480723 -0.235262915 -0.019664211 0.123416610 0.012520819 0.992081106
33.075316 0.376019359 -0.500155270 -0.179233745 -0.015924437 -0.030144442 0.009134179 0.999376953
33.575316 0.304127604 -0.497698009 -0.209003508 -0.014592979 -0.141898960 0.025505960 0.989444911
34.175316 0.241572991 -0.514082730 -0.245281219 -0.020534690 -0.286453277 0.031712014 0.957349062
34.675316 0.141229212 -0.516860187 -0.306914598 -0.015165323 -0.416702420 0.032186009 0.908346415
35.125316 0.051068693 -0.564698398 -0.497242808 -0.020177091 -0.523695588 0.050186720 0.850186527
35.425315 0.002689004 -0.569725394 -0.627988100 -0.020886011 -0.588534176 0.059245825 0.806028068
37.225315 0.029218912 -0.579205632 -1.311522722 -0.022891413 -0.902506351 0.063492969 0.425355017
38.175315 0.324925423 -0.603146791 -1.487368107 -0.027889833 -0.988996148 0.050010245 0.136410281
38.425315 0.399946392 -0.611162186 -1.524832964 -0.017725499 -0.997712910 0.046354081 0.045892119
38.625315 0.456160396 -0.615902185 -1.537175655 0.008334441 0.998695374 -0.048768170 0.012638388
38.725314 0.473467052 -0.617877424 -1.531744719 0.008700577 0.998051226 -0.046066165 0.041182097
38.775315 0.493853211 -0.623878241 -1.532068729 0.008748458 0.997628033 -0.044751093 0.051567230
40.325315 0.876600742 -0.577479005 -1.180064917 0.006089881 0.845483541 -0.027830871 0.533240974
40.775314 0.919063926 -0.554156780 -0.993858576 0.003960820 0.765250742 -0.007084304 0.643681169
41.325314 0.886594892 -0.550784886 -0.796317816 0.015876215 0.626980543 0.003372849 0.778865814
42.525314 0.707484484 -0.492285699 -0.476148069 -0.002852259 0.308048934 0.063026890 0.949276268
43.025314 0.603037059 -0.463836104 -0.327473879 -0.007695757 0.227341056 0.073642418 0.970996201
43.725313 0.488800764 -0.459134877 -0.057054691 0.002935926 0.216239840 0.080524541 0.973009527
44.175313 0.415010452 -0.429655463 0.137023598 -0.000139212 0.227149129 0.048656326 0.972643793
44.825314 0.390404314 -0.422319233 0.516709805 0.010159306 0.194562301 0.030958174 0.980348885
45.275313 0.319417447 -0.395041406 0.750074148 -0.000218045 0.171588972 0.053766981 0.983700335
45.725313 0.170976505 -0.385543942 0.954414248 -0.008760880 0.076644316 0.049543876 0.995788276
46.025313 0.068763822 -0.398743778 1.017768860 -0.008038095 -0.009336277 0.057675637 0.998259366
46.275313 0.006783117 -0.395873964 1.043803096 -0.001790622 -0.107435703 0.066421933 0.991989136
46.475313 -0.029617807 -0.374851346 1.064783812 -0.005513219 -0.196378484 0.061903447 0.978556633
46.725312 -0.085501559 -0.357977480 1.054510713 -0.013590218 -0.310920447 0.046574391 0.949196875
47.425312 -0.023173094 -0.397564977 1.374310493 -0.029510107 -0.655304611 0.069013327 0.751626372
47.825313 -0.173951745 -0.405857086 1.242020845 -0.033482410 -0.764955878 0.047485683 0.641456604
48.125312 -0.157693505 -0.414574653 1.180252671 -0.030727323 -0.861869514 0.036140457 0.504906595
48.525312 -0.132152677 -0.391919136 1.164710402 -0.043647088 -0.918494999 0.031607229 0.391743362
48.875312 -0.230023623 -0.404077232 1.185819626 -0.022822130 -0.927123070 0.050097782 0.370691538
49.125312 -0.337568641 -0.414531112 1.218994737 -0.020382294 -0.922631800 0.043275487 0.382704079
49.325312 -0.412005782 -0.410397738 1.240689516 -0.018063487 -0.927537441 0.040030699 0.371140897
49.575312 -0.498245716 -0.406871200 1.282984138 -0.011276997 -0.939175248 0.043194111 0.340524703
49.775312 -0.580059767 -0.392010450 1.333555937 0.000448380 -0.944882989 0.031372927 0.325901330
49.975312 -0.662544131 -0.384825081 1.379730582 0.004853905 -0.945254266 0.023225393 0.325471103
50.125312 -0.725170970 -0.377923787 1.396465778 -0.004469899 -0.944333494 0.022568619 0.328184217
50.275312 -0.792685747 -0.375036955 1.401247263 -0.010377599 -0.942498267 0.026840862 0.332969844
50.475312 -0.886863589 -0.370677561 1.386953831 0.000847898 -0.939251721 0.028195778 0.342067957
50.725311 -1.020035505 -0.388183475 1.359528065 0.000565589 -0.930466115 0.029277327 0.365206003
50.925312 -1.126563907 -0.388159066 1.327635527 0.005745902 -0.940377176 0.030281072 0.338734120
51.075312 -1.215334177 -0.378522962 1.296609282 -0.005150252 -0.947786748 0.026845139 0.317731202
51.275312 -1.325841665 -0.369599372 1.253919005 0.002979727 -0.959320128 0.026292888 0.281077921
51.425311 -1.407096386 -0.363098115 1.228040218 -0.001012093 -0.966279089 0.017406821 0.256906003
51.625311 -1.505302191 -0.360162258 1.201511860 -0.002454348 -0.969912589 0.014110497 0.243031874
51.875311 -1.609176636 -0.351092607 1.148487091 -0.003441927 -0.973239660 0.012375136 0.229433209
52.275311 -1.792322874 -0.350898057 1.039071083 -0.002930617 -0.962376893 0.012559393 0.271411926
52.575311 -1.932416558 -0.345014900 0.990367055 -0.002362531 -0.929370165 0.027323933 0.368128985
53.175311 -2.081337452 -0.348100305 0.910806537 -0.009076550 -0.931716919 0.028798401 0.361928105
54.025311 -1.911789417 -0.347596169 0.823863268 -0.018721640 -0.876238704 0.020130541 0.481092542
54.375311 -1.773547292 -0.354197264 0.787980080 -0.027138034 -0.854767680 0.014147121 0.518107831
55.175310 -1.789781213 -0.348405898 0.741589904 -0.029103041 -0.780546904 0.001458946 0.624417663
55.675310 -2.034757853 -0.348831654 0.681529999 -0.068019524 -0.720524788 0.007145119 0.690048158
55.925310 -2.175276518 -0.355515122 0.672776103 -0.067900494 -0.665241897 0.007001693 0.743501008
56.325311 -2.357759714 -0.357803017 0.680707812 -0.062996343 -0.564486921 0.011484258 0.822954476
56.875310 -2.568353176 -0.367520034 0.770337462 -0.101039246 -0.416189164 0.052240517 0.902135551
57.225310 -2.652597904 -0.364724100 0.895052791 -0.122533947 -0.310299277 0.066379718 0.940368831
57.775310 -2.678915977 -0.318980008 1.086463690 -0.147695690 -0.201229334 0.072639659 0.965617001
58.775310 -2.648205042 -0.386028707 0.888873577 -0.106254801 -0.548157096 0.044696737 0.828393579
59.075310 -2.617582083 -0.386824995 0.811659813 -0.094314158 -0.671370625 0.028493788 0.734543681
59.225310 -2.587893248 -0.381718218 0.772396564 -0.084070489 -0.723058939 0.019566048 0.685372233
59.325310 -2.566557169 -0.380851090 0.752344847 -0.079270341 -0.749346435 0.015598370 0.657231212
59.475310 -2.533257961 -0.382309735 0.721284389 -0.074923500 -0.783065021 0.010150493 0.617327034
59.575310 -2.502175093 -0.385938197 0.702110767 -0.061438967 -0.804800451 0.003775699 0.590345025
59.825310 -2.407830715 -0.388142228 0.669575930 -0.049764384 -0.838583767 0.000891730 0.542494237
60.025309 -2.312696457 -0.401332408 0.665768862 -0.039978549 -0.861298859 -0.003287642 0.506512880
60.175309 -2.220882893 -0.409770995 0.668587446 -0.024224376 -0.889340043 -0.002044831 0.456599802
60.425309 -2.074783325 -0.417744219 0.693567991 -0.025515972 -0.916856706 -0.004905472 0.398369968
60.675309 -1.982046604 -0.421727180 0.752928376 -0.046235792 -0.917767644 -0.002510637 0.394409209
61.425309 -1.898462296 -0.339828074 1.026690125 -0.046861827 -0.908047020 -0.006488997 0.416188061
61.925309 -1.756697178 -0.306141287 1.124411345 -0.064510375 -0.902326345 -0.024739368 0.425480336
62.525309 -1.445909500 -0.319954753 1.095321774 -0.062508963 -0.943526626 -0.024210926 0.324444115
62.825309 -1.307051420 -0.327598929 1.087691903 -0.060588963 -0.968397975 -0.012037585 0.241639063
62.925309 -1.266241670 -0.329461902 1.093904018 -0.062378816 -0.972698987 -0.011705524 0.223223105
63.075309 -1.192990184 -0.332934111 1.099323988 -0.049863771 -0.979731262 -0.011449639 0.193673000
63.225309 -1.112692595 -0.337492973 1.099107265 -0.039145473 -0.986294627 -0.009282572 0.160013884
63.325309 -1.052924514 -0.343023956 1.100669265 -0.033810377 -0.990259647 -0.005770004 0.134942263
63.525309 -0.915509701 -0.363268107 1.125540376 -0.034668136 -0.994841695 0.001346590 0.095322534
63.675308 -0.806749105 -0.374448508 1.146314740 -0.038770687 -0.996865094 0.006779721 0.068636276
63.725308 -0.770819247 -0.375426978 1.153621435 -0.037804108 -0.997478247 0.007557090 0.059589829
63.875308 -0.660084009 -0.377030760 1.174545527 -0.039449271 -0.998795450 0.011230167 0.026931977
64.025308 -0.558035016 -0.372329175 1.189671040 0.047918897 0.998807907 -0.004447171 0.008168758
64.075308 -0.530747592 -0.370225400 1.187199116 0.048725110 0.998525918 -0.001127533 0.023886904
64.225308 -0.447817028 -0.364893049 1.187182188 0.041096654 0.996055067 -0.001160972 0.078639090
64.325309 -0.397772312 -0.363889396 1.181945801 0.034243505 0.992210329 -0.001599868 0.119764455
64.425308 -0.345234334 -0.365038782 1.176851153 0.032159306 0.986573875 0.004331536 0.160059452
64.625308 -0.255418777 -0.363692075 1.174440742 0.028734025 0.969442844 0.018514281 0.242924049
64.875308 -0.118319988 -0.357617378 1.202943206 0.018526357 0.942266524 0.031055365 0.332905650
65.425308 0.117466331 -0.373491257 1.193183541 -0.018173637 0.886099637 0.021375665 0.462644845
66.025308 0.178639531 -0.350602239 1.323307037 -0.024989843 0.816879928 0.022410529 0.575830340
66.375308 0.129330039 -0.339652538 1.469680429 -0.032034256 0.774112701 0.036100894 0.631205201
66.575308 0.097216964 -0.338072300 1.575156927 -0.036606949 0.734073818 0.042284600 0.676762640
66.775308 0.067785025 -0.337936878 1.668694139 -0.044354912 0.688875496 0.047782972 0.721941888
66.975308 0.037251711 -0.317692757 1.759263515 -0.055200815 0.641338885 0.053784832 0.763377070
67.275307 -0.007098317 -0.289957643 1.893925548 -0.076833159 0.583576024 0.059613824 0.806214631
67.625307 -0.066333771 -0.260563195 2.033650398 -0.103580356 0.529543817 0.055637460 0.840094626
67.975308 -0.142477930 -0.240672529 2.131250858 -0.121591963 0.470228940 0.048483741 0.872782588
68.625307 -0.168824255 -0.329056770 2.208476543 -0.083264180 0.451278776 0.023315594 0.888184071
68.875307 -0.162945032 -0.416019320 2.225355625 -0.041716963 0.447999090 -0.002650409 0.893056273
69.075307 -0.158123672 -0.498576134 2.237203360 -0.024669753 0.440946281 -0.019365733 0.896985352
69.325307 -0.149039626 -0.634548008 2.240135908 -0.010402011 0.463705361 -0.035046004 0.885235012
69.925307 -0.117166519 -0.826655686 2.236474514 -0.004997158 0.474127144 -0.021685975 0.880175114
70.575307 -0.039990604 -0.856740832 2.123761177 -0.006597748 0.507835388 -0.017678918 0.861247420
70.925307 0.046257615 -0.860693276 1.997419238 -0.017790556 0.567106545 -0.022019196 0.823157847
71.275306 0.118990898 -0.870553792 1.844135284 -0.033880465 0.617103934 -0.039233241 0.785172343
71.475307 0.157276750 -0.877251565 1.732947588 -0.029324016 0.644304276 -0.039461914 0.763187289
71.825307 0.212847471 -0.896068513 1.545176029 -0.024872288 0.676928699 -0.044833273 0.734260798
72.125306 0.253399968 -0.903150976 1.370151043 -0.041234273 0.712069631 -0.056392532 0.698624730
72.525306 0.277216673 -0.903087616 1.158194304 -0.024806861 0.759126186 -0.053360805 0.648278356
73.175306 0.330903888 -0.762731969 0.998961031 -0.031735804 0.758837819 -0.036337897 0.649490237
73.575306 0.360807478 -0.592717767 0.979577780 -0.039811075 0.749278307 -0.012085715 0.660947084
73.925306 0.341745377 -0.479005635 0.958257318 -0.043631904 0.749471784 0.022245528 0.660222292
74.425306 0.294132948 -0.298244655 0.948303878 -0.073588699 0.740176558 0.058431767 0.665814579
74.725305 0.258629680 -0.206591278 0.936951995 -0.097615972 0.748125613 0.083616666 0.650989592
75.175305 0.189518869 -0.063126415 0.920575202 -0.128299713 0.750647724 0.133842096 0.634155750
75.425306 0.154938817 0.011782423 0.905206919 -0.145305172 0.752196610 0.162385598 0.621866226
76.075305 0.122874618 0.040409833 1.031259656 -0.142196804 0.710871398 0.132726505 0.675888836
76.325306 0.091796339 0.031828970 1.141845107 -0.136543199 0.657536089 0.110465877 0.732666075
76.675305 0.030875206 -0.026738435 1.232884765 -0.125109434 0.601719439 0.092333637 0.783425808
77.875305 -0.080688477 -0.307938457 1.262002826 -0.109077454 0.611104071 0.031821750 0.783352613
79.325305 -0.163395911 -0.286220074 1.740736008 -0.071531489 0.366081029 0.037917111 0.927054584
80.725304 0.067729115 -0.353899896 1.237027287 -0.043576911 0.679156899 0.007784447 0.732657075
81.625304 0.182033181 -0.366696954 0.896957695 -0.027507566 0.817740917 0.013720973 0.574764967
82.025304 0.281278849 -0.396600783 0.759675264 -0.018470785 0.871399522 0.002185123 0.490221351
82.525304 0.310426533 -0.414520144 0.527258396 -0.005936680 0.908280969 -0.011272785 0.418166697
83.125303 0.394669175 -0.422799379 0.221241981 -0.006230084 0.875586689 0.008541511 0.482945323
83.675303 0.482598960 -0.453191400 -0.020231366 -0.017146729 0.818493664 0.004995496 0.574237823
84.225303 0.540311694 -0.469082534 -0.286826432 -0.008663773 0.748543203 0.005903031 0.663003147
84.675303 0.547580004 -0.490115643 -0.528799474 -0.022560205 0.672279537 0.008547727 0.739904165
85.425303 0.596969962 -0.552968025 -0.935135484 -0.030265035 0.626519680 0.003923699 0.778807878
86.275303 0.729282141 -0.587221503 -1.386585236 -0.030158034 0.576982796 0.019669216 0.815962315
86.975303 0.929326415 -0.588151038 -1.626146793 -0.021547485 0.601248264 -0.004863666 0.798756957
87.825303 1.041238427 -0.613033354 -1.755546212 -0.010037414 0.760050774 -0.044250160 0.648277819
88.475302 0.963259101 -0.617646098 -1.892925262 -0.021673935 0.874097407 -0.039000425 0.483697146
91.775301 0.481792629 -0.448715389 -1.362788558 -0.016111746 0.963286221 -0.003508224 0.267969638
92.125301 0.454445958 -0.490870833 -1.305038929 -0.017931294 0.988422155 -0.017418057 0.149655387
92.175302 0.451452732 -0.487849593 -1.297171593 -0.018117454 0.991015494 -0.021062113 0.130830005
92.275301 0.436016500 -0.489626884 -1.288428307 -0.013008649 0.995016575 -0.027174491 0.095049247
92.375301 0.430481374 -0.469356149 -1.291512370 -0.010255053 0.997574389 -0.036143444 0.058598783
92.875301 0.318184078 -0.481237829 -1.263502836 0.003475588 -0.994059503 0.032015599 0.103964679
93.275301 0.258983374 -0.483728379 -1.281351089 -0.002614164 -0.977844357 0.040053438 0.205449164
93.725301 0.191356063 -0.519669831 -1.264375448 -0.010934687 -0.954366148 0.050538156 0.294128478
94.125301 0.157534599 -0.521521330 -1.144552708 -0.023326147 -0.911322355 0.048055138 0.408213407
94.375301 0.216458082 -0.521212339 -1.081546903 -0.022757962 -0.857889950 0.056722879 0.510185659
94.675301 0.229693413 -0.537060499 -0.997531176 -0.020052226 -0.784800112 0.050916150 0.617328405
95.075301 0.290590286 -0.534009993 -0.878743172 -0.020545451 -0.694189489 0.052836966 0.717556357
95.475301 0.385987043 -0.533362806 -0.764843762 -0.018338216 -0.591194749 0.050488349 0.804738104
95.875300 0.499983728 -0.528855920 -0.663103223 -0.014331327 -0.480987370 0.044258446 0.875492454
99.575299 0.005136069 -0.531829417 -0.942574918 0.002972029 -0.070227295 0.058835939 0.995790005
100.175299 -0.274290234 -0.542624533 -0.957922697 -0.005712380 -0.112513162 0.063308395 0.991614938
100.875299 -0.577806413 -0.526113749 -1.159665465 -0.012796122 -0.115540355 0.049146689 0.992003679
101.275299 -0.793189108 -0.540196300 -1.295958877 -0.008690984 -0.132781267 0.031242162 0.990614712
101.425299 -0.865647912 -0.531677186 -1.323863268 -0.009918808 -0.139063925 0.025175471 0.989913642
101.575299 -0.938798130 -0.523319781 -1.345371246 -0.014006571 -0.136470094 0.032954413 0.989996850
101.625299 -0.964376509 -0.520377636 -1.352761507 -0.016738266 -0.135714039 0.034718540 0.989998102
101.725299 -1.016110659 -0.520447671 -1.370242715 -0.017672203 -0.130706087 0.035284393 0.990635514
101.875299 -1.086379290 -0.532439113 -1.398305416 -0.014090009 -0.124611869 0.045537557 0.991059899
101.975299 -1.133077502 -0.545239806 -1.416839123 -0.010346739 -0.126774892 0.053516392 0.990432799
102.075299 -1.178444386 -0.559156597 -1.435197115 -0.004684166 -0.134149641 0.051888481 0.989590585
102.325299 -1.266745329 -0.573492467 -1.480695248 0.001494359 -0.148540094 0.052496959 0.987510860
102.625299 -1.346213102 -0.575864434 -1.532649159 -0.005921058 -0.158921987 0.051846057 0.985911131
103.075299 -1.449750423 -0.598213613 -1.586498976 -0.011493199 -0.201760873 0.056519032 0.977735162
103.525298 -1.577580214 -0.603087068 -1.598814845 -0.016157551 -0.329777777 0.057585571 0.942162097
103.825299 -1.707356334 -0.609141767 -1.653569341 -0.024452338 -0.416462839 0.064958543 0.906499386
104.325299 -1.737110019 -0.632048368 -1.812763453 -0.023408258 -0.552011311 0.077737592 0.829874933
105.025298 -1.607264757 -0.645798683 -2.020266294 -0.033712942 -0.676904798 0.073236696 0.731641829
105.275298 -1.550821066 -0.648647189 -2.096588135 -0.042749461 -0.712930977 0.072766326 0.696137190
105.575298 -1.483312368 -0.664025903 -2.167146683 -0.047981288 -0.751045763 0.077455126 0.653933287
105.725298 -1.459118843 -0.673341990 -2.199049950 -0.047126923 -0.771128535 0.080116875 0.629858017
105.875298 -1.445240974 -0.678756237 -2.228175640 -0.049879238 -0.786849201 0.084429309 0.609304607
106.125298 -1.456513405 -0.668824196 -2.253652811 -0.050377961 -0.799770057 0.081147924 0.592659116
106.625298 -1.619578838 -0.659255981 -2.245694637 -0.040409163 -0.775572062 0.078084931 0.625106275
106.825298 -1.694853783 -0.661050677 -2.261082172 -0.036411602 -0.763969362 0.077774584 0.639512420
107.125297 -1.788656950 -0.662261605 -2.293512583 -0.022399772 -0.747584224 0.068324119 0.660263598
107.375298 -1.864772797 -0.656356454 -2.327163219 -0.029408522 -0.724240839 0.073645718 0.684972048
107.625297 -1.929619074 -0.656247139 -2.381390095 -0.031114222 -0.684520602 0.070085183 0.724949419
107.775297 -1.953489542 -0.666852117 -2.421468735 -0.027976116 -0.656590879 0.072514959 0.750231504
107.925297 -1.972891808 -0.682700396 -2.456865311 -0.027541511 -0.627487242 0.076314896 0.774388313
108.025297 -1.984935522 -0.696532786 -2.482337713 -0.025270142 -0.613786876 0.073768422 0.785611510
108.125297 -1.993561506 -0.706647754 -2.501314163 -0.024401000 -0.601976633 0.075726137 0.794540226
108.275297 -2.008766890 -0.714307666 -2.519339800 -0.018097391 -0.588659227 0.075320289 0.804661274
108.525297 -2.046442270 -0.710081458 -2.539112329 -0.016335212 -0.565297782 0.073219635 0.821468532
108.625297 -2.063078403 -0.707036674 -2.550765038 -0.018507307 -0.554573059 0.074889235 0.828551650
109.075297 -2.114239216 -0.713760853 -2.640166044 -0.017660240 -0.521463633 0.071865231 0.850058377
109.275297 -2.118401527 -0.722030818 -2.696020126 -0.008880050 -0.509731352 0.062266894 0.858031452
109.475297 -2.101094246 -0.733143449 -2.766805649 -0.005298694 -0.484846473 0.066457018 0.872054696
109.575297 -2.082467556 -0.740392625 -2.804852486 -0.006606049 -0.472243279 0.075481698 0.878205657
109.725297 -2.052351952 -0.749752522 -2.870914221 -0.008536165 -0.464190066 0.078253768 0.882230759
109.775297 -2.043732643 -0.752460659 -2.892192841 -0.011344087 -0.466867477 0.078929305 0.880724847
109.875297 -2.025318384 -0.756581604 -2.933619022 -0.010757245 -0.470226854 0.076883934 0.879124463
109.975297 -2.008495808 -0.757592320 -2.971192837 -0.012712269 -0.476783484 0.072676495 0.875918984
110.175297 -1.976277113 -0.761170268 -3.029815197 -0.008409456 -0.483232468 0.064551003 0.873068690
110.425297 -1.950503349 -0.763776124 -3.032438278 -0.007586868 -0.455696583 0.055260248 0.888385832
110.525297 -1.942305684 -0.762807727 -3.015025139 -0.007160094 -0.438437611 0.051322855 0.897266507
110.875297 -1.881693125 -0.756199479 -2.922973633 -0.007248769 -0.372798592 0.041650046 0.926948786
111.225296 -1.798762560 -0.747913539 -2.810428143 -0.009653702 -0.290227264 0.038981710 0.956114709
111.625296 -1.685039878 -0.732832551 -2.697816372 -0.023298413 -0.189125389 0.040407840 0.980844557
111.975296 -1.573711753 -0.717971623 -2.652932405 -0.032610249 -0.090482488 0.032127179 0.994845390
112.275296 -1.492022157 -0.712606132 -2.611948490 -0.026647540 -0.008056586 0.024105677 0.999321759
112.575296 -1.422732115 -0.713046670 -2.542537212 -0.020254398 0.072136059 0.019050881 0.997007132
112.725296 -1.383081555 -0.717815697 -2.507722616 -0.015624333 0.106298998 0.020397741 0.994002163
112.825297 -1.358962417 -0.719461262 -2.482411385 -0.011438577 0.128157929 0.015199379 0.991571307
112.925296 -1.335826159 -0.722721338 -2.459331989 -0.009907958 0.148439810 0.013293484 0.988782465
112.975296 -1.325010538 -0.726098537 -2.452074766 -0.007741288 0.158421695 0.010126563 0.987289250
113.425296 -1.224366784 -0.747010767 -2.459090948 -0.009081724 0.251212925 -0.001920948 0.967887342
113.625296 -1.206792593 -0.755502999 -2.477526188 -0.013069585 0.285777152 -0.010600789 0.958148360
113.775296 -1.219186664 -0.751026392 -2.484989405 -0.018430453 0.303191781 -0.009312223 0.952705801
114.175296 -1.346136689 -0.720857859 -2.405205250 -0.029480100 0.305760235 0.000541982 0.951651931
114.275296 -1.391815424 -0.702897191 -2.359937191 -0.033716038 0.289937466 0.007910194 0.956418812
114.525296 -1.514517903 -0.658404231 -2.249555349 -0.036371142 0.216184705 0.011698265 0.975604653
114.625296 -1.563135743 -0.639515877 -2.203408480 -0.038705725 0.180731580 0.014411724 0.982664883
114.725295 -1.611253023 -0.631806970 -2.180726051 -0.041336264 0.143839762 0.014178332 0.988635659
114.825296 -1.659642458 -0.623882234 -2.159595013 -0.043964714 0.108252689 0.015220979 0.993034124
114.925296 -1.703357935 -0.621971786 -2.142323494 -0.047329187 0.072603077 0.015729321 0.996113122
115.125296 -1.791406870 -0.620523751 -2.119053125 -0.050316945 0.012712718 0.023301726 0.998380542
115.425295 -1.899832845 -0.634797275 -2.118657589 -0.040013041 -0.062589295 0.021395577 0.997007430
116.025295 -2.007418156 -0.691103399 -2.127275944 -0.028693823 -0.129949704 0.007469855 0.991077185
116.775295 -2.003665686 -0.969384432 -2.022739410 -0.031895310 -0.140235916 0.008684522 0.989566147
118.975295 -1.982704639 -0.571008742 -2.085545778 -0.097727530 -0.127892777 -0.012266226 0.986885130
120.275295 -1.791197300 -0.492344499 -2.085934162 -0.046927478 0.000649794 -0.027292173 0.998525202
120.625294 -1.703386903 -0.490394622 -1.998124003 -0.042943649 0.065819159 -0.030919539 0.996427476
120.825295 -1.653815746 -0.489788681 -1.941851258 -0.043641943 0.097542375 -0.033969853 0.993693590
121.075294 -1.604401827 -0.483561933 -1.883861661 -0.034739107 0.133271903 -0.036653768 0.989792049
121.375294 -1.565884829 -0.468081802 -1.861950397 -0.044095539 0.181365520 -0.028399162 0.982016087
121.625294 -1.537435055 -0.472939640 -1.888733745 -0.050921652 0.259458542 -0.019859968 0.964206338
121.775294 -1.528146625 -0.488409996 -1.926838160 -0.048131030 0.308236241 -0.017693643 0.949926734
121.975294 -1.531618834 -0.526759326 -1.989453077 -0.042876527 0.366943508 -0.021097371 0.929015100
122.125294 -1.530619383 -0.545041859 -2.036100388 -0.040705133 0.413398713 -0.018978246 0.909441829
122.625294 -1.549691439 -0.582669795 -2.163148880 -0.042722106 0.541975796 -0.021311419 0.839036882
123.125293 -1.519461393 -0.604250908 -2.328801632 -0.070588507 0.613046765 -0.025209753 0.786482990
123.625293 -1.515244722 -0.627729416 -2.503105164 -0.065778799 0.685360312 -0.032356303 0.724504948
123.925293 -1.529946685 -0.653131604 -2.600679398 -0.064932637 0.731374919 -0.037897766 0.677818775
124.125293 -1.547337055 -0.665795505 -2.670898438 -0.065056808 0.759414136 -0.039549690 0.646137476
124.275293 -1.564626455 -0.672081351 -2.714421988 -0.064743042 0.776892066 -0.044673797 0.624700963
124.475293 -1.588067532 -0.686929345 -2.757025719 -0.064650655 0.791524112 -0.045524385 0.606001258
124.825294 -1.648710966 -0.699488282 -2.769378185 -0.065178528 0.824622273 -0.045157112 0.560098827
125.175293 -1.715643406 -0.686100185 -2.680325031 -0.056611151 0.862653434 -0.037944425 0.501182973
125.625293 -1.812061310 -0.675079882 -2.561114311 -0.045007005 0.902317703 -0.032274075 0.427499115
126.225293 -1.905610561 -0.708405197 -2.541202307 -0.038022134 0.950683832 -0.034627657 0.305868477
126.575293 -1.959511995 -0.720950127 -2.489980698 -0.030652627 0.979635000 -0.044173330 0.193453968
126.725292 -1.989252567 -0.731622219 -2.466593981 -0.024995474 0.987611294 -0.047504116 0.147453457
126.775293 -1.997536898 -0.732279658 -2.455394268 -0.027537512 0.989326179 -0.049300499 0.134331211
126.975293 -2.014585018 -0.735233426 -2.416886806 -0.036543526 0.993460238 -0.049774669 0.096040487
127.925292 -2.021093845 -0.726734757 -2.167992353 -0.038007230 0.995771766 -0.041909933 0.072371073
128.225292 -2.048089027 -0.695949197 -2.087043762 -0.034835648 0.997683048 -0.032340072 0.048674848
128.575292 -2.055298328 -0.667218983 -2.024749756 0.041603498 -0.998550355 0.017089156 0.029569700
128.925292 -1.972748041 -0.660018444 -1.976253748 0.026575111 -0.989722967 0.031657424 0.136894211
129.525292 -1.825574517 -0.680564523 -1.912946463 0.035976000 -0.968377829 0.032187629 0.244773656
130.525292 -2.002259016 -0.685372233 -2.152090311 0.024030223 -0.961109221 0.026616480 0.273830563
130.725291 -2.087773323 -0.695761263 -2.234564543 0.012166753 -0.963131785 0.022487262 0.267812401
131.075292 -2.215229273 -0.704195619 -2.345159769 -0.003333089 -0.974256456 0.021629693 0.224377900
131.325292 -2.311643124 -0.718318105 -2.428645611 0.003173519 -0.982149839 0.030550851 0.185575649
131.525291 -2.397023678 -0.735736132 -2.493529320 0.008761055 -0.985706449 0.032817420 0.165012270
131.675291 -2.462609529 -0.745168626 -2.529081583 0.002643318 -0.984568655 0.041705884 0.169936150
131.975292 -2.598353386 -0.756782532 -2.595033646 -0.001985204 -0.985403717 0.049088705 0.162990451
132.375291 -2.770891666 -0.743554354 -2.640709400 -0.005431981 -0.974808037 0.054603636 0.216190323
132.575291 -2.864267349 -0.738847136 -2.648525715 -0.006260989 -0.959934950 0.066350974 0.272182286
132.675291 -2.910106182 -0.732244253 -2.648309708 -0.008250705 -0.949664831 0.071292400 0.304936111
132.775291 -2.956968307 -0.733773112 -2.646296024 0.000073949 -0.940104604 0.072901867 0.332999408
132.875291 -3.001349926 -0.736567855 -2.640630722 0.002492779 -0.926642478 0.079031304 0.367534459
132.925291 -3.022576571 -0.740576625 -2.635173321 -0.001904303 -0.919997036 0.080661282 0.383530527
133.025291 -3.056710005 -0.744476318 -2.625200748 0.001969642 -0.907203794 0.080072045 0.412996233
133.125291 -3.091966391 -0.743765593 -2.609678507 0.004980228 -0.892241359 0.080560662 0.444286525
133.225291 -3.120727301 -0.742986202 -2.597868443 0.012097505 -0.874860168 0.077950768 0.477908999
133.375291 -3.173170567 -0.739972234 -2.571779013 0.015008386 -0.850228429 0.074095361 0.520957053
133.475291 -3.216818333 -0.737650871 -2.541238308 0.018026307 -0.837107301 0.076101683 0.541419446
133.675291 -3.319011688 -0.743021727 -2.465496063 0.019466367 -0.814871550 0.074557923 0.574496746
133.775291 -3.368765831 -0.747313380 -2.430126905 0.020424081 -0.804419875 0.070240140 0.589540422
134.125291 -3.501759291 -0.755358338 -2.351715803 0.010261772 -0.752415419 0.047937822 0.656862080
134.975291 -4.033453941 -0.769241333 -2.098640203 0.006849597 -0.640971363 0.037143167 0.766635001
135.425290 -4.353932381 -0.774593711 -1.960502625 0.011190894 -0.614739954 0.024244044 0.788277745
135.875290 -4.649889469 -0.776438415 -1.886523485 -0.001959527 -0.550173163 0.032508038 0.834415317
136.125290 -4.766735077 -0.790280282 -1.837469816 0.001484260 -0.505716026 0.034911223 0.861992121
136.325291 -4.811470032 -0.784640968 -1.758938909 0.002975638 -0.456878334 0.021777112 0.889257610
136.475290 -4.828152657 -0.775698423 -1.685922503 0.006040333 -0.415967762 0.015381260 0.909229279
136.525290 -4.834019184 -0.778401852 -1.668490887 0.006139347 -0.399148554 0.014302088 0.916754186
136.575290 -4.839396954 -0.783369005 -1.648172259 0.003850268 -0.383361608 0.012855227 0.923500896
136.625290 -4.845675468 -0.782212377 -1.633432627 0.002985647 -0.367668390 0.011003407 0.929887116
136.675290 -4.847622871 -0.781067014 -1.621107578 0.002949933 -0.351732105 0.010700817 0.936034918
136.725290 -4.849781990 -0.784786880 -1.610211730 0.007553633 -0.335143775 0.007316951 0.942108333
136.775290 -4.851280689 -0.787114322 -1.602131248 0.009906656 -0.315387458 0.009391459 0.948864818
136.825290 -4.853662014 -0.786825836 -1.599393725 0.009210044 -0.294010788 0.010064384 0.955704749
136.925290 -4.840840340 -0.774579644 -1.584863901 0.011099281 -0.260106236 0.001582658 0.965514958
137.125290 -4.847679615 -0.769837856 -1.589606285 0.001207617 -0.164876431 -0.001370401 0.986312568
137.425290 -4.764154911 -0.791194439 -1.638318658 -0.001171525 -0.015436453 -0.005229705 0.999866486
137.725290 -4.675096512 -0.815140188 -1.756694317 -0.008343204 0.148871288 -0.032903958 0.988273799
138.125290 -4.628617287 -0.832558990 -1.923514843 -0.018869402 0.312297314 -0.040309694 0.948941290
139.025290 -4.661998272 -0.854949296 -2.171673536 -0.030141527 0.514325440 -0.025589723 0.856683135
139.325290 -4.721367836 -0.849606991 -2.256518364 -0.015987242 0.630983114 -0.030873245 0.775017202
139.725289 -4.838065147 -0.857571959 -2.385055542 -0.007682421 0.773303688 -0.039180011 0.632777452
139.925289 -4.914683342 -0.870905519 -2.481511116 -0.012110981 0.824310064 -0.052965552 0.563525438
140.075289 -4.961740971 -0.891964078 -2.546537399 -0.007791246 0.854044616 -0.059841961 0.516687572
140.225289 -4.998307228 -0.908994794 -2.599971771 -0.000990012 0.875350296 -0.066570535 0.478883356
140.475289 -5.055802345 -0.913217783 -2.674206018 -0.006647644 0.908091664 -0.070098452 0.412809342
140.675289 -5.096618652 -0.912275076 -2.716095686 -0.003528011 0.927991629 -0.057515867 0.368118346
141.025289 -5.175786495 -0.911737680 -2.763668060 0.009349783 0.957708716 -0.051304407 0.282974243
141.225289 -5.231999397 -0.916015923 -2.774518251 0.011137640 0.973116875 -0.054148611 0.223578870
141.425289 -5.289091587 -0.916096866 -2.759573460 0.011474057 0.985890508 -0.060343675 0.155714035
141.675289 -5.358097553 -0.915380597 -2.716106415 0.010738238 0.995694637 -0.061720196 0.068319239
142.125289 -5.501131058 -0.912863612 -2.595091343 -0.000469477 -0.988277733 0.061223663 0.139852032
142.475289 -5.596467018 -0.924705446 -2.470802307 -0.006857072 -0.965155602 0.059739735 0.254674017
143.025289 -5.720806122 -0.900207877 -2.293238640 -0.000020160 -0.888376951 0.055764474 0.455715567
143.275288 -5.742069721 -0.886704803 -2.198948860 0.001629209 -0.835329294 0.052499041 0.547235131
143.425289 -5.736142635 -0.903382659 -2.142016888 -0.002330007 -0.795768142 0.047080416 0.603764176
143.475289 -5.732830048 -0.902439475 -2.123974800 -0.002447184 -0.782800794 0.048906840 0.620342731
143.525288 -5.728627205 -0.900332034 -2.104871750 0.000202770 -0.767183542 0.050477561 0.639438331
143.625288 -5.716320038 -0.896628022 -2.087173462 -0.006710244 -0.731110513 0.051716581 0.680263042
143.725288 -5.697831631 -0.891011655 -2.051787615 -0.005727910 -0.697427928 0.050563525 0.714846075
143.775288 -5.688864708 -0.888318241 -2.041465521 -0.008219632 -0.677847087 0.053848982 0.733182132
143.925288 -5.655738831 -0.877850294 -1.978705883 -0.007646578 -0.626220882 0.058435623 0.777415097
144.125288 -5.605405331 -0.860305309 -1.910078526 -0.021345481 -0.562673926 0.065020412 0.823841572
144.225288 -5.571213722 -0.867058337 -1.872518539 -0.019454343 -0.531098366 0.055668566 0.845255613
144.325289 -5.546503067 -0.858536124 -1.841759324 -0.018651502 -0.503062129 0.053906433 0.862365782
144.425288 -5.514183998 -0.862817764 -1.807264209 -0.015179630 -0.474840283 0.053064048 0.878339648
144.675288 -5.441378117 -0.905114889 -1.710312963 -0.008183815 -0.406532466 0.043433934 0.912566662
145.275288 -5.331418991 -0.841595352 -1.514623880 0.013770971 -0.248616040 0.018146910 0.968334198
145.325289 -5.322754860 -0.841595352 -1.517953157 0.013441264 -0.225521430 0.022277541 0.973890722
145.375288 -5.313397884 -0.836230516 -1.521622181 0.016764611 -0.201378092 0.025317553 0.979042828
145.475288 -5.297990322 -0.825834215 -1.530776978 0.021130694 -0.159029633 0.028635452 0.986632228
145.675288 -5.306823730 -0.825600743 -1.571071744 0.025720602 -0.067033350 0.038257375 0.996685207
146.025288 -5.248844624 -0.832875311 -1.662215829 0.015535471 0.066179186 0.029544063 0.997249305
146.425288 -5.095913410 -0.822351456 -1.806409121 0.025581036 0.195824429 0.000344039 0.980305195
146.825288 -4.985106468 -0.793353200 -1.946708560 0.000504653 0.326876134 0.018003885 0.944895566
147.275287 -4.933095932 -0.820072293 -2.098504543 0.019758318 0.508728087 0.033675794 0.860041440
147.725287 -5.005265713 -0.815714955 -2.207203865 0.021794373 0.631157637 0.028621383 0.774819911
148.225287 -5.095033169 -0.845066607 -2.323533535 0.013959042 0.782949686 0.016518304 0.621709108
148.425287 -5.164741516 -0.849161029 -2.415425777 0.012731464 0.828341722 0.005511344 0.560051382
148.575287 -5.219412804 -0.843354523 -2.468618393 0.006446937 0.859781504 0.003070462 0.510612249
148.875287 -5.294147491 -0.840797305 -2.517215967 0.012164848 0.915856004 0.000439869 0.401322454
149.225287 -5.362551689 -0.839553356 -2.526130199 0.024602894 0.967359662 -0.010025115 0.252010942
149.475287 -5.427791119 -0.836433411 -2.503672600 0.028245216 0.991696656 -0.020086125 0.123840630
149.625287 -5.470551014 -0.831876159 -2.472158909 0.030370628 0.998792589 -0.022398915 0.031454723
150.025287 -5.601864338 -0.817541003 -2.347889900 -0.030741584 -0.974689364 0.025099281 0.220012903
150.825287 -5.653677464 -0.829432368 -2.096726894 -0.040999431 -0.786954403 0.045479957 0.613965333
150.875287 -5.652359009 -0.824914336 -2.079787254 -0.046773154 -0.772229314 0.049267258 0.631701589
151.025287 -5.638531685 -0.821143031 -2.055950165 -0.055245593 -0.711838126 0.049539566 0.698412657
151.125287 -5.618419647 -0.806470037 -2.026870966 -0.057674177 -0.671171784 0.050539438 0.737324893
151.225286 -5.598914146 -0.806855798 -2.013020992 -0.066555075 -0.627712488 0.048270762 0.774091363
151.425286 -5.545462608 -0.804621816 -1.996160030 -0.067748599 -0.548191071 0.049557369 0.832130313
151.525286 -5.513012886 -0.807267725 -1.991208673 -0.071179420 -0.507965505 0.052740339 0.856809795
151.625286 -5.475048542 -0.808977604 -1.987694144 -0.066279896 -0.470114082 0.048789438 0.878760159
151.825287 -5.378459454 -0.807258546 -1.981479049 -0.068053931 -0.383386523 0.037283681 0.920322478
152.075286 -5.237632275 -0.802477002 -1.965516686 -0.071323045 -0.278238565 0.025954630 0.957508624
152.225286 -5.163438320 -0.805733442 -1.971773744 -0.070123449 -0.219462976 0.034772500 0.972476006
152.325287 -5.119100094 -0.808447719 -1.985183239 -0.064054698 -0.183466583 0.037806030 0.980207980
152.475286 -5.050576210 -0.806976914 -2.017595291 -0.051591821 -0.125290617 0.044589292 0.989773929
152.675286 -4.986061096 -0.796503901 -2.071719885 -0.033395328 -0.044062946 0.042642560 0.997559428
152.975286 -4.859427452 -0.785945773 -2.167161703 -0.048796199 0.066475429 0.038777798 0.995839477
153.375286 -4.719290733 -0.795214832 -2.291048527 -0.055294786 0.242019668 0.040495131 0.967847705
154.175286 -4.953012466 -0.794526339 -2.448230505 -0.036395557 0.546527445 0.029445179 0.836131632
155.175285 -5.154367924 -0.848905325 -2.561973095 -0.013307969 0.678955376 0.027902963 0.733528435
155.675285 -5.235674858 -0.895444155 -2.344735622 0.026848201 0.704091907 0.020215260 0.709313154
156.075285 -5.323045731 -0.918324113 -2.112578869 0.024838753 0.682440579 0.021574272 0.730200350
156.625285 -5.455685616 -0.934658051 -1.839825153 0.045085747 0.606107414 0.004962845 0.794088423
157.475285 -5.591235161 -0.953239858 -1.658989429 0.010448451 0.462934345 0.030449403 0.885807812
159.875285 -5.345633030 -1.354307890 -1.860286713 -0.008694964 0.546966255 -0.052527048 0.835459948
160.325285 -5.326491356 -1.374541283 -1.962725163 0.013413481 0.676852942 -0.067073837 0.732933342
160.475284 -5.320079803 -1.384270430 -2.024897099 0.013975690 0.719723523 -0.076309375 0.689912736
160.675284 -5.319574356 -1.397583127 -2.127617359 0.011542177 0.776297927 -0.086085550 0.624353707
160.925284 -5.337454796 -1.418780208 -2.245766640 0.015898373 0.825986803 -0.103192247 0.553935409
161.075284 -5.351306438 -1.429244995 -2.309698582 0.020718118 0.848503470 -0.107233241 0.517796934
161.225284 -5.369477272 -1.433673501 -2.361041546 0.020643419 0.864723325 -0.114907600 0.488491267
161.425284 -5.403392315 -1.426090240 -2.444073677 0.017135797 0.884100139 -0.121407904 0.450925052
161.575284 -5.425816536 -1.416004658 -2.497744560 0.012138462 0.903551638 -0.124284968 0.409878552
161.625284 -5.432755470 -1.409566402 -2.513823271 0.011212046 0.909317553 -0.127557799 0.395910352
161.725284 -5.450429916 -1.395014286 -2.537133455 0.013942268 0.915929675 -0.131114319 0.379061311
161.825284 -5.481351852 -1.374555111 -2.564370871 0.028631035 0.921969295 -0.146292493 0.357423335
161.925284 -5.496019363 -1.338970423 -2.577187777 0.038440779 0.924918056 -0.147109479 0.348436147
162.025284 -5.512060165 -1.300824165 -2.588231087 0.045192525 0.927854121 -0.153065115 0.337068915
162.275284 -5.530256271 -1.183808446 -2.608416319 0.025971247 0.932832599 -0.154554382 0.324440688
162.725283 -5.568192482 -1.034072876 -2.617681980 0.013257250 0.935870111 -0.124602042 0.329310924
163.375284 -5.654683113 -0.826253533 -2.624485970 -0.004178589 0.943731427 -0.054197270 0.326215088
164.125283 -5.914113522 -0.832381666 -2.784149647 -0.077221796 0.954188228 -0.082570635 0.277026474
164.675283 -6.140659809 -0.854884386 -2.886143684 -0.052742448 0.971399486 -0.087834179 0.214211270
165.975283 -5.947926521 -0.713639975 -2.775757074 0.002400707 0.925468266 -0.092915758 0.367245704
166.275283 -5.814580917 -0.714958251 -2.657812119 0.022336252 0.864173710 -0.080511302 0.496208578
166.625283 -5.712399960 -0.712779164 -2.544456482 0.024164766 0.784226298 -0.041693695 0.618600667
168.275282 -4.829752445 -0.631827891 -2.425389767 0.015303454 0.709803462 0.006698173 0.704201698
168.775282 -4.471336842 -0.666642129 -2.444223404 0.014485689 0.737946808 -0.010286421 0.674624979
169.125282 -4.222894192 -0.662799597 -2.510555744 0.024614580 0.741264343 -0.016476074 0.670559347
169.275282 -4.115940094 -0.666019797 -2.539245129 0.018703304 0.740565002 -0.014443435 0.671569169
169.425282 -4.017791748 -0.667246521 -2.563015461 0.017266667 0.745323539 -0.010527238 0.666396260
169.625282 -3.896905422 -0.656308770 -2.589401722 0.019073991 0.757472038 -0.001309234 0.652587593
169.925282 -3.702792883 -0.639316142 -2.613949776 0.025707869 0.766395032 0.008805367 0.641794562
170.125282 -3.565245390 -0.653224230 -2.627173662 0.027809950 0.771459401 0.008677317 0.635611296
170.325282 -3.435257673 -0.664232194 -2.640392065 0.030078111 0.766415954 0.010846465 0.641548336
170.525282 -3.309403658 -0.658196211 -2.679236174 0.027150266 0.764388919 0.016489090 0.643972456
170.825282 -3.101351738 -0.637031078 -2.767938375 0.008510231 0.745793641 0.010002383 0.666047573
170.975282 -3.006342888 -0.646016002 -2.825414658 0.004609722 0.739245355 0.005165595 0.673400640
171.075282 -2.945408344 -0.646379173 -2.859101772 0.003864187 0.736547589 0.001989947 0.676371753
171.425282 -2.743560553 -0.628080904 -2.919580698 0.013046815 0.727345288 0.013800779 0.686008871
171.675281 -2.578615665 -0.631009817 -2.933304310 0.013319029 0.711348712 0.013555087 0.702582300
171.925281 -2.447447062 -0.644570231 -2.950459957 0.019463141 0.705038548 0.015369911 0.708735228
172.025281 -2.404593706 -0.645862639 -2.959523916 0.019445412 0.705018878 0.013187668 0.708799303
172.275281 -2.283903599 -0.641120255 -2.967425108 0.020042639 0.704870462 0.012003399 0.708951235
172.375282 -2.233012199 -0.637046695 -2.960743904 0.026719028 0.703630865 0.006358932 0.710034728
172.575281 -2.135694504 -0.639575899 -2.942911625 0.026608702 0.697034538 0.004963363 0.716526568
172.725281 -2.081959724 -0.629388750 -2.903017998 0.018694414 0.685533226 0.011799673 0.727705657
172.975281 -2.009960413 -0.609059453 -2.791126251 0.017422024 0.668781638 0.015990987 0.743082702
173.075281 -1.979720592 -0.600425959 -2.731131077 0.023148376 0.663093925 0.012624053 0.748071671
173.475281 -1.926725030 -0.597866654 -2.419094324 0.038661014 0.636777341 0.027874257 0.769573271
174.225281 -1.730621576 -0.545981228 -1.808198690 0.001966460 0.510380626 0.048394915 0.858583570
174.975281 -1.611822128 -0.564625621 -1.460196018 0.012949104 0.473039776 0.042350575 0.879927337
176.475280 -0.855434895 -0.551893055 -1.585646152 -0.005779361 0.550350428 0.015646659 0.834767163
177.025280 -0.500909030 -0.536718667 -1.574968576 0.002662358 0.596260488 0.001407477 0.802785397
177.825280 -0.094480455 -0.512387335 -1.509375572 0.004194632 0.606889129 -0.013515119 0.794660509
178.225280 0.070039153 -0.516989887 -1.559799790 0.005992797 0.670763075 -0.043376602 0.740378022
178.625280 0.248921275 -0.495167077 -1.475611567 -0.024732288 0.807587802 -0.087216355 0.582737982
179.025280 0.289300919 -0.509858906 -1.556486130 -0.040573377 0.880687416 -0.078458585 0.465389907
180.025279 0.437061250 -0.560290813 -1.618683219 -0.024064900 0.968618929 -0.058917586 0.240264416
180.125279 0.431092203 -0.560776830 -1.619174957 -0.036125612 0.976950884 -0.057161443 0.202470914
180.175279 0.432527125 -0.556535542 -1.609719872 -0.040778399 0.981594324 -0.057910129 0.177358866
180.225279 0.428846598 -0.560755968 -1.608393192 -0.049692620 0.985730112 -0.056577861 0.150551692
180.275279 0.447120845 -0.469825447 -1.607785225 -0.046390671 0.988602519 -0.085300252 0.115051709
180.375280 0.387260318 -0.493751526 -1.588615179 -0.042048711 0.992582619 -0.088398896 0.072092362
180.425279 0.392322540 -0.514098763 -1.589197397 -0.043294363 0.994479835 -0.084835753 0.044026703
180.675279 0.328840137 -0.528658807 -1.537217617 0.026168725 -0.995404065 0.081364639 0.043194484
181.725279 0.179668903 -0.550060272 -1.149663568 0.041933842 -0.917243540 0.055035405 0.392271638
185.675278 0.749151468 -0.614109874 -0.618738711 0.022235719 0.157368228 -0.011986004 0.987216890
187.425278 0.100279644 -0.284754664 -0.269252926 0.045324169 0.165526241 0.067451343 0.982851505
187.775277 -0.005713602 -0.176867321 -0.183342233 0.025510015 0.100934856 0.067110568 0.992299139
189.475277 -0.164078593 -0.075676113 -0.138337791 -0.002500653 0.038273409 0.002796798 0.999260306
192.925276 -0.168932512 -0.027198484 -0.131976068 -0.002369652 0.034783829 -0.003156184 0.999387085
200.475274 0.301037848 -0.386067212 -0.461412489 -0.050712809 -0.173770443 0.028710671 0.983060420
201.225273 0.215266287 -0.401922286 -0.516451597 -0.047623865 -0.327156752 0.038387418 0.942988276
202.225273 0.185860321 -0.428157896 -0.701213002 -0.046612252 -0.445211262 0.041281924 0.893258095
202.775273 0.162416428 -0.438684881 -0.772077680 -0.055460468 -0.544794977 0.041309800 0.835712910
203.725273 0.058915675 -0.441382796 -0.828217864 -0.058178384 -0.680085778 0.038208112 0.729821146
204.475273 0.080830097 -0.445829839 -0.901637673 -0.060401019 -0.777159512 0.020423273 0.626065254
205.225272 0.149657369 -0.423732787 -0.947156072 -0.064742908 -0.820675611 -0.049802560 0.565525949
205.625272 0.153265953 -0.400433064 -1.000713110 -0.066941269 -0.850960910 -0.083783440 0.514164150
206.025272 0.144570351 -0.390468895 -1.085698366 -0.050846197 -0.896722853 -0.094714567 0.429338962
206.475272 0.173793077 -0.402638435 -1.148646355 -0.031159170 -0.939456880 -0.090444066 0.329043835
206.775272 0.213119745 -0.405858815 -1.175679207 -0.012402989 -0.964993894 -0.082163975 0.248761147
207.075272 0.263090849 -0.401052803 -1.185268521 -0.003996233 -0.978602290 -0.082160845 0.188603342
207.575272 0.350823522 -0.410346538 -1.190194368 0.000545102 -0.989939988 -0.078911029 0.117437556
208.125272 0.440065086 -0.409616113 -1.195198298 0.013013336 -0.996949911 -0.075284809 0.015931761
208.425272 0.482330799 -0.399275452 -1.233052611 -0.029240936 0.994152367 0.075422861 0.071536176
208.525271 0.462677777 -0.401967704 -1.262734652 -0.037832610 0.989432037 0.077392921 0.116633348
208.675271 0.416260183 -0.433278918 -1.332902908 -0.049141806 0.977183819 0.080084473 0.190481782
209.075272 0.508316040 -0.405881524 -1.291472673 -0.069778144 0.944808185 0.069898665 0.312382251
209.675271 0.595116138 -0.404760778 -1.163456917 -0.086396851 0.895161271 0.059713993 0.433192939
210.175271 0.627256811 -0.401039988 -0.992465436 -0.095094606 0.833906531 0.054869626 0.540875554
210.625271 0.642910182 -0.393265188 -0.853822410 -0.107696250 0.757188797 0.055640101 0.641849577
211.075271 0.630631447 -0.395233393 -0.768962026 -0.113870576 0.695585012 0.050780844 0.707542419
211.575271 0.643982112 -0.384552598 -0.686040759 -0.123732321 0.597825587 0.038241465 0.791095674
211.975271 0.630509734 -0.384053022 -0.658754408 -0.125595674 0.479101151 0.025327571 0.868358433
212.475271 0.547852099 -0.372294426 -0.640871644 -0.136798844 0.314177662 0.015405525 0.939330161
212.925271 0.406679809 -0.375641882 -0.608611941 -0.123987883 0.198005110 0.003793871 0.972320199
213.325270 0.235880956 -0.380019903 -0.602335513 -0.116339333 0.086229369 0.001901114 0.989457428
213.725270 0.281300753 -0.455230534 -0.539328337 -0.131544352 -0.071481906 -0.000637644 0.988729537
214.125270 0.140752777 -0.424900979 -0.521621585 -0.130106911 -0.199661031 -0.016190210 0.971053839
214.425271 0.080047280 -0.412491620 -0.533933401 -0.121617846 -0.295270026 -0.027552603 0.947241068
214.775270 0.045920722 -0.406788647 -0.580092430 -0.109538190 -0.393838048 -0.033387456 0.912018836
215.075270 0.015126690 -0.398906767 -0.653235674 -0.107701235 -0.481777549 -0.045908116 0.868437290
215.475270 0.017877519 -0.417271376 -0.733073950 -0.100042716 -0.578845203 -0.042702150 0.808149874
215.925270 0.016572595 -0.432591617 -0.852813482 -0.087662742 -0.639828920 -0.042903699 0.762294888
216.325269 0.019713819 -0.456316531 -0.968183160 -0.076615848 -0.697198749 -0.039011601 0.711703598
217.075269 -0.015345097 -0.454828531 -1.125910282 -0.071928360 -0.782606602 -0.046212725 0.616617918
217.225269 -0.013659835 -0.457455844 -1.118584037 -0.071620733 -0.778941810 -0.046123099 0.621283174
217.825269 0.020671308 -0.450292945 -0.977800548 -0.076956928 -0.701645911 -0.040513132 0.707198203
220.075269 0.452418089 -0.428970963 -0.452168494 -0.117466338 -0.171446025 -0.018791808 0.977985084
220.675268 0.490389138 -0.397643387 -0.382708669 -0.144099236 0.008791869 -0.008788794 0.989485145
221.875268 0.699716210 -0.359947443 -0.137896344 -0.124524035 0.173685044 0.021884689 0.976651609
222.925269 0.530188680 -0.330509424 0.367913246 -0.117521435 -0.005894762 0.013413120 0.992962301
223.725268 0.307042778 -0.293127060 0.801546216 -0.139543623 -0.161935166 -0.008824448 0.976845264
224.275268 0.183270201 -0.248553932 1.071241975 -0.127898321 -0.296914846 -0.040578686 0.945429504
224.925268 -0.083251536 -0.240644455 1.283414721 -0.115990862 -0.409605086 -0.040198818 0.903965592
225.375267 -0.140808225 -0.251333326 1.676127076 -0.117480762 -0.608911216 -0.051763136 0.782780886
225.775267 -0.294087529 -0.249122441 1.715105295 -0.085793160 -0.709952593 -0.074032642 0.695072770
226.525267 -0.600136518 -0.230047002 1.673246026 -0.082603738 -0.773431480 -0.067262560 0.624864876
227.025267 -0.800020337 -0.229400471 1.595484257 -0.070865408 -0.829758763 -0.063096046 0.549997628
227.575267 -1.002166033 -0.266788840 1.541200876 -0.034005921 -0.886401236 -0.052835036 0.458633721
227.975267 -1.111299634 -0.333871096 1.487097740 -0.011386367 -0.889425457 -0.015322626 0.456681460
228.275267 -1.167714357 -0.409518927 1.443809509 0.014604736 -0.884175003 0.029910160 0.465968549
228.875267 -1.228828192 -0.501768947 1.401862144 0.047141153 -0.851522326 0.098139122 0.512890041
229.725266 -1.335643888 -0.344250381 1.369966626 -0.022327697 -0.836492002 0.031308696 0.546628118
230.125266 -1.341989279 -0.230170697 1.347628713 -0.029843954 -0.834744692 0.007046144 0.549782693
230.525266 -1.340929151 -0.117975511 1.328031182 -0.024085991 -0.816595495 -0.027376739 0.576057374
230.725266 -1.357543468 -0.094475329 1.331870079 -0.041945938 -0.787802100 -0.040295921 0.613175869
231.125266 -1.469986796 -0.066054359 1.298479199 -0.064931758 -0.770658374 -0.040868532 0.632613122
231.525266 -1.631859899 -0.079925060 1.243954301 -0.066005938 -0.792515814 -0.026553486 0.605687082
231.825266 -1.724138737 -0.088204876 1.213467956 -0.064660214 -0.798970878 -0.018932926 0.597583592
232.275266 -1.850961566 -0.097587496 1.179203510 -0.078637533 -0.777035773 -0.008093672 0.624472618
232.475266 -1.921996951 -0.099544793 1.146928787 -0.076995522 -0.765750468 -0.007027773 0.638473570
232.725265 -2.007672787 -0.114343688 1.105759382 -0.077475309 -0.747932971 -0.005725206 0.659212470
233.175265 -2.116443634 -0.126715064 1.072743893 -0.074159607 -0.692235529 -0.002296754 0.717847526
234.175265 -2.298608780 -0.113212109 0.995090008 -0.086205430 -0.679408133 -0.005374925 0.728659272
234.575265 -2.291153431 -0.111990720 0.924625874 -0.092951372 -0.749635041 -0.012409673 0.655174315
234.875265 -2.244723320 -0.126829118 0.883407831 -0.075687192 -0.802070737 -0.008768219 0.592348814
235.125265 -2.168072701 -0.151779100 0.878898144 -0.070644468 -0.838042259 -0.003355568 0.541002095
235.625265 -1.988365412 -0.194704741 0.932703018 -0.069225945 -0.884279668 0.006760127 0.461748481
235.825265 -1.921241045 -0.200002462 0.947778344 -0.077276587 -0.909152031 0.004971962 0.409201950
236.125265 -1.810738802 -0.190289974 0.978500068 -0.080233678 -0.937235534 -0.012070726 0.339125991
236.675265 -1.635525584 -0.211058676 1.042342424 -0.089581437 -0.955613196 -0.016992686 0.280160457
237.575264 -1.314170122 -0.256612360 1.228622079 -0.082448140 -0.962822735 0.009777044 0.257058591
237.875264 -1.233035207 -0.256263554 1.227770925 -0.090257302 -0.979778767 0.009431732 0.178320646
237.975264 -1.206781983 -0.246227980 1.230421543 -0.085642934 -0.984540522 -0.001351407 0.152785555
238.075264 -1.182066441 -0.234307587 1.241373539 -0.084110364 -0.987653136 -0.011963841 0.131618947
238.225264 -1.145968318 -0.209054708 1.255437016 -0.077565469 -0.990773380 -0.032253798 0.106355257
238.375264 -1.121155977 -0.192179233 1.271326542 -0.078783095 -0.991393983 -0.044580657 0.094571508
238.675264 -1.097094893 -0.160733014 1.313015223 -0.063793048 -0.990189731 -0.066229939 0.105206110
238.775264 -1.089003444 -0.148250863 1.331550121 -0.059240825 -0.988650501 -0.074581772 0.116182595
238.875264 -1.073149800 -0.135834709 1.354031682 -0.060711738 -0.986643851 -0.083274938 0.126147822
239.025264 -1.032846808 -0.118549109 1.383122921 -0.057990469 -0.985814154 -0.096048802 0.124828711
239.175264 -0.984418631 -0.105537429 1.408725739 -0.059878834 -0.986395359 -0.104037203 0.112316504
239.275264 -0.948993802 -0.099626340 1.420928836 -0.057568718 -0.987721682 -0.110170603 0.094626345
239.375264 -0.912686825 -0.090164743 1.424726486 -0.051337548 -0.989320219 -0.117603868 0.069132358
239.475264 -0.877837658 -0.084589720 1.426760674 -0.043386776 -0.990786135 -0.120135643 0.045032147
239.525264 -0.862571001 -0.083122134 1.426835179 -0.041921362 -0.991143048 -0.121619269 0.032968234
239.625264 -0.834303021 -0.081174105 1.424803376 -0.038128730 -0.991804898 -0.121465616 0.010739800
239.775264 -0.796670675 -0.081049755 1.419881821 0.035622142 0.991819143 0.120721050 0.021268655
239.825264 -0.785437942 -0.080651075 1.417557955 0.032958351 0.991684973 0.120674163 0.030206410
239.925264 -0.765262306 -0.079900980 1.411211848 0.028830446 0.990759313 0.121646777 0.052601412
240.025264 -0.745206177 -0.080279678 1.405082226 0.021892285 0.988806844 0.123912774 0.080170631
240.125264 -0.725687563 -0.083981454 1.400359750 0.013387406 0.986233771 0.122737780 0.109996729
240.275264 -0.696521103 -0.090350568 1.394186616 -0.000500740 0.980441570 0.120150566 0.155878067
240.425264 -0.664539099 -0.097700685 1.390710950 -0.014299508 0.971449792 0.114915691 0.207063511
240.625264 -0.616517603 -0.103202984 1.391611934 -0.031343326 0.955395758 0.107195757 0.273396373
240.825263 -0.566594481 -0.105110735 1.401221395 -0.045814712 0.934222043 0.098958910 0.339613527
241.175263 -0.485084653 -0.105053611 1.425917625 -0.068587981 0.883771718 0.087999403 0.454421967
241.675263 -0.387312770 -0.099227548 1.481926203 -0.076710403 0.815211535 0.092412822 0.566573501
242.075263 -0.254698515 -0.071155816 1.548259139 -0.093108699 0.766422093 0.092233352 0.628825068
242.475263 -0.120961189 -0.029049009 1.658251524 -0.113259830 0.691537678 0.086747736 0.708112061
242.875263 -0.034229636 0.029920608 1.811967850 -0.148499668 0.613328099 0.081840850 0.771413386
243.325263 0.020915985 0.064652234 1.911919594 -0.176837966 0.541421294 0.062062964 0.819597185
243.775263 0.048647702 0.043201804 1.950053096 -0.173499376 0.411991894 0.031820491 0.893950820
244.075263 0.044424266 -0.008581057 1.938404679 -0.155431509 0.326845556 -0.004502499 0.932197869
244.425263 0.015188143 -0.082347795 1.910278916 -0.121534303 0.278472394 0.008783984 0.952683270
244.725262 -0.021511123 -0.158746541 1.901982188 -0.096678451 0.264410734 -0.007125953 0.959525645
245.225262 -0.103572115 -0.311923951 1.925773978 -0.078175455 0.266377956 -0.030912427 0.960195720
245.775262 -0.121771872 -0.450182855 1.938704371 -0.056453425 0.288269907 -0.040487383 0.955025792
246.125262 -0.084914982 -0.524038076 1.910123348 -0.064419761 0.323269844 -0.035763282 0.943434000
246.425262 -0.016013771 -0.563723862 1.830040455 -0.064952530 0.391462505 -0.043068029 0.916887879
246.825262 0.080017686 -0.584999323 1.708384275 -0.063387029 0.473473758 -0.042319629 0.877504289
247.475262 0.168234766 -0.605799973 1.571349621 -0.068998024 0.557555556 -0.058076322 0.825226188
247.975262 0.207052946 -0.611571014 1.451782703 -0.059262455 0.613513649 -0.049487811 0.785900712
248.975262 0.196582735 -0.434655219 1.378020287 -0.031911712 0.623675704 -0.042989347 0.779847622
249.525261 0.178113937 -0.304684669 1.379332900 -0.045297891 0.622768283 -0.027261533 0.780618072
249.875261 0.166941166 -0.220841840 1.343793988 -0.050859984 0.644954085 -0.005172702 0.762509584
250.175261 0.155783296 -0.129224643 1.283249378 -0.068072326 0.681579888 0.029782569 0.727961540
250.575261 0.174578309 -0.052748859 1.194827795 -0.084126063 0.718557775 0.046808783 0.688771665
251.075261 0.167172432 0.050139800 1.087379217 -0.100488372 0.752088368 0.079222433 0.646520674
252.125261 0.251599967 -0.134404495 1.024597287 -0.103689611 0.751472950 0.092940226 0.644902408
252.725261 0.270796418 -0.285863221 0.912001550 -0.073727146 0.756313384 0.087094426 0.644180834
253.175260 0.270854533 -0.337422401 0.742764592 -0.074645519 0.754491508 0.069730833 0.648311853
253.775260 0.316756934 -0.370087147 0.539138973 -0.058577191 0.781588972 0.051530980 0.618895829
254.175260 0.420346260 -0.440125048 0.445854008 -0.060731284 0.739517629 -0.001380948 0.670390546
254.575260 0.539596200 -0.539515078 0.375194043 -0.040070787 0.683683753 -0.058253732 0.726345181
254.825260 0.609310746 -0.593072653 0.338224411 -0.033489976 0.611605346 -0.083317637 0.786050558
255.125260 0.665896714 -0.626892269 0.322604775 -0.036241464 0.519563377 -0.105704561 0.847093284
256.075260 0.660197318 -0.595039248 0.308706850 -0.001213350 0.383221477 -0.071146451 0.920911551
256.375259 0.696586728 -0.541849494 0.298500657 -0.010197631 0.294078350 -0.039702024 0.954901934
256.775259 0.700927734 -0.470742643 0.277594745 -0.048117153 0.198085397 -0.012188327 0.978927195
258.125259 0.624899864 -0.356497884 -0.096839145 -0.100451231 0.222599462 0.029755175 0.969264507
258.825259 0.754640222 -0.346754789 -0.438467503 -0.111453265 0.312775344 0.041489627 0.942352593
259.225259 0.792981267 -0.350206554 -0.632608533 -0.112210877 0.384764135 0.052134946 0.914684236
259.675259 0.807435930 -0.364090085 -0.824023426 -0.101007313 0.490862578 0.063373275 0.863038421
260.125259 0.785939336 -0.380420029 -0.932800591 -0.088207960 0.576043069 0.071331255 0.809509456
260.625258 0.706404209 -0.387063205 -0.987093687 -0.091986552 0.665496945 0.076303162 0.736770034
261.875258 0.327416182 -0.367978990 -1.037127376 -0.048545085 0.866348147 0.099019960 0.487113327
263.325258 0.539953709 -0.458498448 -1.345488071 -0.027467372 0.885924339 0.043030199 0.461011946
264.425258 0.834472060 -0.740391791 -1.580549359 0.035981432 0.876660705 -0.031046664 0.478756189
266.275257 0.946670055 -0.538588583 -1.652023792 -0.002973984 0.652302027 0.006953534 0.757921398
266.725257 0.971486807 -0.500448704 -1.567557812 -0.012106934 0.602294862 0.055428345 0.796254992
267.025257 0.974318743 -0.466201514 -1.502780914 -0.027143560 0.561637402 0.070071809 0.823963940
267.475257 0.942888498 -0.381054819 -1.410627723 -0.069421656 0.511455953 0.066317633 0.853929400
268.025257 0.852024257 -0.309170902 -1.304466486 -0.122354142 0.480066895 0.054914694 0.866919637
268.425257 0.749435484 -0.285193503 -1.186109304 -0.128871828 0.438862741 0.068948805 0.886587620
269.625256 0.583784938 -0.247393727 -1.315450191 -0.147012219 0.582051814 0.114720434 0.791481078
269.875256 0.535686731 -0.262246370 -1.409518003 -0.143063337 0.639297426 0.125680119 0.745007515
270.175256 0.452827692 -0.275729537 -1.492125750 -0.136778906 0.681005061 0.134898648 0.706630111
270.575256 0.322514057 -0.304728508 -1.517429590 -0.122604884 0.725118756 0.125890419 0.665824711
270.975256 0.127652526 -0.324751467 -1.476940393 -0.095288008 0.789391041 0.137614176 0.590630472
271.375256 -0.033252597 -0.324101031 -1.453729868 -0.106711127 0.821740270 0.145296350 0.540596604
272.375256 -0.100582957 -0.411097109 -1.442386866 -0.071347632 0.898757815 0.114300057 0.417228371
272.875256 -0.148486018 -0.471301943 -1.361748338 -0.047492772 0.952938437 0.126105562 0.271569908
273.175255 -0.181903243 -0.494310766 -1.233814597 -0.024889868 0.979678929 0.134833485 0.146388888
273.575255 -0.206739992 -0.507133245 -1.034198046 0.008205635 0.987981975 0.151788890 0.028007956
274.075255 -0.242624402 -0.520385921 -0.916422725 -0.018786008 -0.984092593 -0.154636502 0.085419558
274.525255 -0.300762177 -0.551539838 -0.934191644 -0.042028114 -0.974587202 -0.125907823 0.180445939
275.025255 -0.384415269 -0.579029322 -1.077033758 -0.056807086 -0.972929120 -0.105556898 0.197584599
275.425255 -0.470602363 -0.615374923 -1.207277060 -0.060125377 -0.973200738 -0.082209088 0.206172138
276.225255 -0.648343086 -0.582352638 -1.450623155 -0.074504606 -0.962226212 -0.090067014 0.245881513
276.825254 -0.900513053 -0.527899265 -1.621130943 -0.065161221 -0.974593282 -0.105985768 0.186249882
277.225254 -1.069245815 -0.515562057 -1.712180138 -0.024197759 -0.989748597 -0.106389850 0.092159495
277.725254 -1.174355745 -0.486731946 -1.921057820 -0.040233798 -0.991523206 -0.122377321 0.016934533
278.325254 -1.260301590 -0.467791319 -2.150212049 0.019398171 0.979903698 0.109138139 0.165835142
278.875254 -1.361317158 -0.431856573 -2.339045048 0.005560050 0.951713622 0.112137608 0.285719216
279.575254 -1.397717476 -0.459378213 -2.670174122 -0.013243067 0.904301584 0.116636626 0.410437763
280.075254 -1.418594599 -0.468339741 -2.903514385 -0.045719296 0.843197644 0.096391656 0.526911855
280.575254 -1.360274792 -0.461781919 -3.129249096 -0.045272864 0.807825744 0.089368597 0.580845356
281.075254 -1.248079300 -0.493724048 -3.298547268 -0.044146609 0.752091527 0.074301966 0.653367162
281.725253 -1.117811561 -0.500632942 -3.416196346 -0.060727313 0.635049820 0.055489667 0.768078685
282.225253 -0.939059258 -0.666957855 -3.679215908 -0.074884832 0.545294881 0.046304047 0.833607614
282.675253 -0.774342835 -0.666386783 -3.691775322 -0.066182010 0.449469537 0.048233312 0.889533937
282.975253 -0.721177459 -0.632644117 -3.646322489 -0.075295910 0.359903276 0.034165319 0.929318488
283.225253 -0.713449121 -0.635141611 -3.614274979 -0.080398090 0.299442500 0.026643589 0.950347602
283.325253 -0.717718542 -0.640055716 -3.599606752 -0.076479383 0.275463283 0.022411402 0.958002388
283.425253 -0.727255583 -0.647428453 -3.578274488 -0.070116051 0.253140658 0.021238375 0.964651525
283.525253 -0.739714444 -0.652054787 -3.551939011 -0.064851768 0.230945215 0.018662240 0.970623672
283.675253 -0.760839939 -0.666145861 -3.514915466 -0.057461645 0.205247626 0.010549554 0.976964831
284.175253 -0.810384989 -0.757079661 -3.441822767 -0.064016759 0.197534889 -0.011060138 0.978140831
284.475253 -0.850101888 -0.800078571 -3.382581711 -0.060239542 0.181585386 -0.034546886 0.980920196
284.625253 -0.884311497 -0.807058990 -3.340330839 -0.057344086 0.159787223 -0.042582933 0.984564126
284.775253 -0.929199517 -0.807792425 -3.287734985 -0.049701042 0.134746581 -0.043450925 0.988678515
284.875252 -0.960267663 -0.807085872 -3.253499508 -0.045035299 0.114558913 -0.040560648 0.991565943
284.975253 -0.990563393 -0.804339290 -3.217035294 -0.040084060 0.093819559 -0.038472384 0.994037747
285.075253 -1.022578001 -0.801230431 -3.183701754 -0.036205269 0.073784113 -0.032345142 0.996091843
285.275252 -1.073211551 -0.784820020 -3.123764515 -0.038039763 0.031738810 -0.020613775 0.998559296
285.525253 -1.133478045 -0.736284554 -3.059526443 -0.044167649 -0.023309566 -0.001889943 0.998750389
285.825252 -1.171979904 -0.668983579 -2.994963408 -0.050775792 -0.100823335 0.024282582 0.993311048
286.275252 -1.166218519 -0.532216012 -2.916579723 -0.091947481 -0.196770594 0.011995822 0.976054847
286.725252 -1.133605480 -0.398431957 -2.902490139 -0.141883731 -0.269484520 -0.015319258 0.952372015
287.125252 -1.112226844 -0.298639923 -2.924107790 -0.178295150 -0.284306318 -0.021717316 0.941758513
287.725252 -1.195013404 -0.249283284 -2.990151882 -0.193877295 -0.358242095 -0.013953787 0.913170040
288.225252 -1.353276730 -0.269678026 -3.043622255 -0.167493865 -0.475714445 -0.038102616 0.862664342
288.525251 -1.421523690 -0.313740015 -3.045310020 -0.141177624 -0.503963768 -0.034264263 0.851419628
288.775251 -1.467415929 -0.358866811 -3.035367966 -0.124495283 -0.505779862 -0.031029692 0.853067815
288.975252 -1.498365402 -0.402558088 -3.019759655 -0.129000843 -0.495250553 -0.026218135 0.858718991
289.175251 -1.528913379 -0.463108569 -3.002362251 -0.122173943 -0.488263607 -0.023602640 0.863779604
289.325251 -1.545991659 -0.521164656 -2.991611719 -0.106096819 -0.480530858 -0.023615884 0.870216012
289.425252 -1.552535892 -0.560835004 -2.988065720 -0.096668333 -0.475211412 -0.020330148 0.874308884
289.575252 -1.556267381 -0.615514517 -2.991729259 -0.084947959 -0.469607532 -0.023623278 0.878461480
289.725251 -1.554009914 -0.658631742 -2.998474121 -0.072643235 -0.459198445 -0.028449088 0.884901345
290.425252 -1.516276598 -0.817751169 -3.030751705 -0.035325855 -0.388490260 -0.027094612 0.920376718
291.525251 -1.311575294 -0.835491180 -3.017313004 -0.026419541 -0.207469419 -0.115650423 0.971021891
292.925251 -1.140703321 -0.496741027 -3.018538475 -0.073874824 -0.043593381 -0.002925680 0.996309996
293.325250 -1.139219642 -0.372386426 -2.918261766 -0.121196695 -0.035373814 0.028729923 0.991581917
293.525250 -1.142666340 -0.328173459 -2.879796982 -0.151883081 -0.009146863 0.025167132 0.988035679
293.925251 -1.165357828 -0.283154517 -2.834323406 -0.173188090 0.130349338 0.037311044 0.975511551
294.075250 -1.178758621 -0.295370430 -2.828786135 -0.161980987 0.196861014 0.055943906 0.965338349
294.125250 -1.183588743 -0.298638612 -2.825630665 -0.156317294 0.217665955 0.060169619 0.961543560
294.275250 -1.184142947 -0.325785875 -2.842110157 -0.145783871 0.270370334 0.078048207 0.948448956
294.425250 -1.186877966 -0.346513867 -2.831226826 -0.139436305 0.306756049 0.086965829 0.937494099
294.675250 -1.175138474 -0.378514320 -2.776394844 -0.121234402 0.336777478 0.101167038 0.928250194
294.725250 -1.171352148 -0.386475533 -2.759892941 -0.114856087 0.341127217 0.102285609 0.927349985
294.825250 -1.162472963 -0.397484273 -2.718965769 -0.103697322 0.349380970 0.098918326 0.925956249
295.225250 -1.121021748 -0.486608148 -2.611217022 -0.066039190 0.413897306 0.098217607 0.902596891
295.925251 -1.319072962 -0.617118955 -2.619048595 0.006401862 0.545546234 0.062216476 0.835743666
296.625250 -1.541497588 -0.688286543 -2.779459476 -0.027198486 0.673416078 0.067004219 0.735718429
296.875249 -1.587573290 -0.650260568 -2.825148582 -0.042475156 0.699740112 0.075853236 0.709088087
297.175249 -1.643133163 -0.597160935 -2.861130953 -0.063509785 0.730064869 0.109379448 0.671571314
297.375249 -1.664293528 -0.564354658 -2.874138832 -0.070622012 0.752756000 0.139333025 0.639497697
297.775250 -1.711000681 -0.515468657 -2.925745964 -0.085364930 0.786845088 0.156158999 0.590933263
298.275249 -1.766191721 -0.505468607 -3.011874437 -0.102285273 0.838017225 0.173465669 0.507123828
299.625249 -1.604147911 -0.433509707 -2.851268291 -0.151863560 0.703436315 0.161184147 0.675377309
299.875249 -1.573397398 -0.425226569 -2.769841909 -0.161091417 0.644870698 0.159178600 0.729968250
300.175249 -1.493067384 -0.404665470 -2.647447109 -0.165595502 0.567656040 0.157822132 0.790845692
300.475249 -1.478946447 -0.410846502 -2.529182434 -0.171808004 0.479467005 0.145023137 0.848269820
300.825248 -1.454376578 -0.406835556 -2.425472736 -0.192419499 0.361657232 0.115507118 0.904896080
301.125248 -1.440624952 -0.405074060 -2.355406523 -0.200601012 0.254422098 0.089458235 0.941820562
301.475248 -1.449253798 -0.409686208 -2.315424919 -0.205244601 0.131967232 0.063191518 0.967711806
301.875248 -1.503111005 -0.409077972 -2.310243845 -0.212466449 0.013396754 0.038679816 0.976310611
302.175248 -1.562064886 -0.413422525 -2.330942631 -0.205218568 -0.094173543 0.026593048 0.973811865
302.475248 -1.622171402 -0.426338732 -2.387362003 -0.213866070 -0.213547707 0.002684855 0.953232110
302.775248 -1.668507457 -0.443908215 -2.429968119 -0.218089864 -0.324627876 -0.014115143 0.920246959
303.075248 -1.757992864 -0.448119521 -2.470288038 -0.212985933 -0.415878922 -0.029444357 0.883637249
303.325248 -1.851008534 -0.442498714 -2.468684196 -0.209924921 -0.485194713 -0.041729327 0.847806752
303.525248 -1.935491443 -0.436125129 -2.467023373 -0.200729012 -0.535068989 -0.048633315 0.819172740
303.625248 -1.973889470 -0.436006337 -2.472393990 -0.197305664 -0.558546245 -0.051992778 0.803985894
303.775248 -2.025237322 -0.432194054 -2.491232872 -0.188622221 -0.597012162 -0.062542289 0.777230084
303.875248 -2.056465864 -0.430079043 -2.506069660 -0.186886758 -0.614985526 -0.066903621 0.763144851
303.975248 -2.087252855 -0.428214669 -2.520984650 -0.186134487 -0.627724171 -0.070507340 0.752559006
304.125248 -2.131763220 -0.426468730 -2.542322636 -0.184082031 -0.637155414 -0.071530119 0.745003521
304.275248 -2.185576916 -0.423435509 -2.560727119 -0.179467171 -0.634739995 -0.070703961 0.748263061
304.525247 -2.277304411 -0.435287476 -2.580665588 -0.176142693 -0.621147037 -0.059868015 0.761292279
304.825247 -2.374166965 -0.445804477 -2.596491575 -0.174431175 -0.606741250 -0.047078457 0.774094582
304.925248 -2.408022642 -0.449653327 -2.600738049 -0.173759684 -0.604382157 -0.043523703 0.776296079
305.125247 -2.467185259 -0.456474006 -2.602023602 -0.172690853 -0.600083649 -0.031711329 0.780430555
305.575247 -2.640178442 -0.455229133 -2.560565472 -0.177270159 -0.586633205 -0.015934257 0.790052354
306.075247 -2.886911154 -0.497621745 -2.429529905 -0.181236088 -0.562141716 -0.002688440 0.806934297
306.925248 -3.127193928 -0.548935115 -2.232591152 -0.173296705 -0.446334928 0.026999885 0.877510309
308.125247 -3.613904953 -0.447045118 -1.825220108 -0.171446115 -0.562857211 -0.033240516 0.807894230
308.775247 -3.993062973 -0.483060867 -1.716077805 -0.115289263 -0.620793700 -0.006156120 0.775426149
309.575246 -4.374219418 -0.449396908 -1.623170853 -0.105403759 -0.742675960 0.005585372 0.661280155
310.975246 -4.845172405 -0.445201516 -1.687026024 -0.097973429 -0.900817811 -0.007946981 0.422924727
311.675246 -4.806245804 -0.446983695 -1.730348587 -0.082663357 -0.973618209 -0.016112972 0.212072507
312.525245 -4.653334141 -0.367560625 -1.513267040 -0.065474376 -0.993721008 -0.048287552 0.076812200
313.125246 -4.523022175 -0.304335654 -1.425489902 0.053493679 0.993458092 0.076053910 0.066297255
313.475245 -4.430152416 -0.264775813 -1.418224573 0.045815852 0.985824227 0.090366870 0.133736208
313.825245 -4.332669258 -0.215338886 -1.431404829 0.015245591 0.969668210 0.117386483 0.213849291
314.175245 -4.258353233 -0.192622632 -1.405166030 -0.012435022 0.955290794 0.128952086 0.265774727
314.875245 -4.099212170 -0.375696301 -1.437502861 0.019061156 0.932560265 0.079084858 0.351729602
315.475245 -4.043511391 -0.530602276 -1.453518629 0.024154162 0.914828241 0.038527906 0.401274830
316.975245 -4.324465275 -0.576860249 -1.451684833 0.015406257 0.962861717 0.002954937 0.269538999
317.475244 -4.489995003 -0.559537053 -1.469927311 0.023850994 0.987671256 0.003085859 0.154683918
318.325244 -4.729290962 -0.526506186 -1.500401974 -0.023355296 -0.995169759 -0.002330943 0.095322214
319.275244 -4.891873360 -0.508046031 -1.462613106 -0.085446499 -0.870958686 -0.022726158 0.483335793
319.775244 -4.959881783 -0.462946653 -1.431506157 -0.072058409 -0.801130652 -0.012285870 0.594008744
320.225244 -5.008335114 -0.428736299 -1.418924809 -0.095520392 -0.753803313 -0.024258668 0.649667561
320.325243 -5.008313179 -0.425296783 -1.416000843 -0.109686427 -0.738475561 -0.031159936 0.664568901
320.425244 -5.000846863 -0.430157989 -1.434179783 -0.123310439 -0.718438447 -0.039540615 0.683430552
320.675244 -4.963067532 -0.416882813 -1.467563629 -0.146610811 -0.666057169 -0.051413331 0.729540825
320.775244 -4.941043854 -0.410250634 -1.487559795 -0.155288339 -0.646053612 -0.054939196 0.745306611
321.125243 -4.850856304 -0.392464221 -1.564421654 -0.196598887 -0.574663043 -0.052960508 0.792657912
321.525243 -4.734740734 -0.382235289 -1.587718368 -0.226640671 -0.494180322 -0.060761217 0.837094903
322.025243 -4.651064873 -0.374401152 -1.544695616 -0.240228042 -0.375093341 -0.052410152 0.893783391
322.575243 -4.645965099 -0.418898463 -1.479218006 -0.211574435 -0.207948387 -0.035279851 0.954331756
323.075243 -4.644083023 -0.535165429 -1.544345975 -0.152200669 -0.093577325 -0.019925270 0.983707905
323.625243 -4.642842770 -0.736407638 -1.701685429 -0.097515002 0.000730419 -0.008581377 0.995196819
324.175243 -4.490293026 -0.888229012 -1.819213390 -0.039106309 0.100518830 -0.010572223 0.994110107
326.075243 -4.197805405 -0.670853913 -1.944303036 -0.115306765 0.342318475 0.010905677 0.932418108
326.625242 -4.238700390 -0.584062934 -1.978053331 -0.109331548 0.524878621 0.016835285 0.843958318
326.975242 -4.317738533 -0.507291377 -1.979419947 -0.108141646 0.605247140 0.040435027 0.787620664
327.375242 -4.374148846 -0.426510125 -1.969985008 -0.118009090 0.666426957 0.038914777 0.735142589
328.225242 -4.425632477 -0.389912993 -2.009333611 -0.102176189 0.747764766 0.016438683 0.655848801
329.875241 -4.019864082 -0.503552198 -1.908797026 -0.070741050 0.639625609 0.020907056 0.765138984
330.175241 -3.950325012 -0.502222121 -1.798409700 -0.083942525 0.560082853 0.026207238 0.823756039
330.475241 -3.936061621 -0.475440413 -1.673530102 -0.086049177 0.504791915 0.035466492 0.858209133
330.825241 -3.978883982 -0.475112051 -1.496798396 -0.092194751 0.419707716 0.035615779 0.902262211
331.625241 -4.019108772 -0.596488953 -1.307772636 -0.099377520 0.316140682 -0.109027542 0.937172413
332.575241 -4.079817295 -0.719347954 -1.102343559 -0.031128448 0.182784483 -0.088387728 0.978676915
333.175240 -4.110749722 -0.714117825 -0.940268815 -0.021902513 0.060471434 -0.050784897 0.996636510
333.925241 -4.203509331 -0.616789043 -0.839091897 -0.080252849 -0.098568812 -0.015805360 0.991763055
334.325240 -4.313003540 -0.523983896 -0.842913032 -0.139671668 -0.219354033 -0.019917129 0.965390563
334.725240 -4.338124752 -0.492538631 -0.964497089 -0.142183572 -0.303704262 -0.057422783 0.940345764
334.925240 -4.329230785 -0.489895612 -1.050826788 -0.146603614 -0.359630793 -0.084741831 0.917601228
335.125240 -4.301411629 -0.483860850 -1.134108067 -0.164182201 -0.405618072 -0.094134979 0.894235313
335.475240 -4.240054131 -0.455093712 -1.214159608 -0.203927591 -0.470588535 -0.108413830 0.851590574
335.925240 -4.131207466 -0.396737009 -1.236930847 -0.234750107 -0.517439187 -0.150017530 0.809100628
337.025240 -4.167593002 -0.382401586 -1.359726191 -0.169545501 -0.672737241 -0.191777244 0.694190562
337.625239 -4.394663334 -0.351090670 -1.487877131 -0.160771713 -0.748712480 -0.187020645 0.615309179
338.275239 -4.631189346 -0.322372198 -1.667138577 -0.155765459 -0.799600840 -0.184773833 0.549758494
338.625239 -4.714765549 -0.330764055 -1.770916462 -0.133762345 -0.871129572 -0.175540060 0.438664556
338.975239 -4.756756783 -0.385392427 -1.824243546 -0.089519434 -0.927702308 -0.168701917 0.320771486
340.975239 -4.564274311 -0.469913423 -1.492397547 0.048078470 0.994855821 0.078630082 0.042044200
342.725238 -4.435191154 -0.391211331 -0.897175670 0.012872146 0.977042019 0.039654315 0.208927825
345.575237 -3.835915565 -0.525762200 -1.808678627 0.024543926 0.951243103 0.000258504 0.307463944
346.425237 -3.588864088 -0.602605581 -2.300952435 -0.014570622 0.940701485 0.039525785 0.336609870
347.225237 -3.429464817 -0.351324379 -2.596636295 -0.015586756 0.945233762 0.122381300 0.302180409
347.675237 -3.306658745 -0.225798637 -2.671184063 -0.070023187 0.918782353 0.108895682 0.372930974
348.025237 -3.216115713 -0.164847136 -2.660054445 -0.088894233 0.883360028 0.129880741 0.441479236
348.175237 -3.156686783 -0.161466777 -2.657600164 -0.103459328 0.860032976 0.121052898 0.484753132
348.375236 -3.073451996 -0.180798411 -2.653720617 -0.100166954 0.830597579 0.098387182 0.538882494
348.725236 -2.939597130 -0.251599461 -2.674721718 -0.078627542 0.806950510 0.059135251 0.582367301
348.975237 -2.802852392 -0.517356515 -3.064690590 -0.104497932 0.742348731 0.087858364 0.655956984
349.275236 -2.631157875 -0.535973966 -3.045869112 -0.097967207 0.680389225 0.063682020 0.723475993
349.375236 -2.566668987 -0.545645118 -3.038229465 -0.094317563 0.659779251 0.052049983 0.743697822
349.575237 -2.437879086 -0.555584550 -3.020852566 -0.092773668 0.616353452 0.045479801 0.780661941
349.675236 -2.381173849 -0.557463467 -3.008277655 -0.091537088 0.600683749 0.046181623 0.792885423
349.825236 -2.287803173 -0.560006857 -2.990039825 -0.081610598 0.580819011 0.048582762 0.808473110
350.075236 -2.112016678 -0.567305088 -2.934334278 -0.066151336 0.562617958 0.039894555 0.823099852
350.225236 -2.007909298 -0.576871514 -2.880251169 -0.067274705 0.549785972 0.039581582 0.831650674
350.475236 -1.868536949 -0.581819773 -2.762004375 -0.068101563 0.497797787 0.032723419 0.863995790
350.625236 -1.794348478 -0.572352648 -2.672962666 -0.061910156 0.453603268 0.028287429 0.888600588
350.725236 -1.750329018 -0.564937294 -2.611272335 -0.058585439 0.418027908 0.021948155 0.906277359
350.775236 -1.726838231 -0.556931794 -2.583017349 -0.056851737 0.397532821 0.021023290 0.915583789
350.875236 -1.681252241 -0.551285803 -2.521466732 -0.058074731 0.355100632 0.018341457 0.932842135
351.025236 -1.613324165 -0.546121955 -2.433462858 -0.061225589 0.294979036 0.014362010 0.953431964
351.125236 -1.583911061 -0.541489065 -2.380861282 -0.064136744 0.256689817 0.008033333 0.964329958
351.225236 -1.556014180 -0.532413363 -2.338498116 -0.068541795 0.227456093 0.007864349 0.971341312
351.325236 -1.531036854 -0.526628911 -2.299802065 -0.068929516 0.204392388 0.013379049 0.976367533
351.425236 -1.503440022 -0.512756109 -2.256316900 -0.071762048 0.186836213 0.016987277 0.979619265
351.575236 -1.450320244 -0.498614073 -2.186064243 -0.071427658 0.172512874 0.023823043 0.982125163
351.675236 -1.408739448 -0.492549986 -2.131607771 -0.067236945 0.168614611 0.020637110 0.983169615
351.775236 -1.364834905 -0.494181305 -2.073871136 -0.061184809 0.174270451 0.014943116 0.982681513
351.825236 -1.340770245 -0.495301157 -2.050227880 -0.059889674 0.179368615 0.020483382 0.981743634
351.925236 -1.294111490 -0.503108203 -2.005371571 -0.055926770 0.191720054 0.020658281 0.979637086
352.325235 -1.112386823 -0.492138505 -1.846235275 -0.062678300 0.212648526 0.013830636 0.975018322
352.625235 -0.945948601 -0.483593047 -1.716971636 -0.058183178 0.206971809 0.007488203 0.976586580
353.025236 -0.738151968 -0.482757449 -1.577887774 -0.061137751 0.218169257 0.011855824 0.973921895
353.175235 -0.653020144 -0.479011327 -1.544411063 -0.055096019 0.237352028 0.013546127 0.969765425
353.975235 -0.220984340 -0.512692511 -1.386226773 -0.059704471 0.389535129 0.006665903 0.919050217
357.225234 0.393833876 -0.568546355 -1.753432751 -0.029434701 0.961916804 0.007415727 0.271651864
357.375234 0.386192560 -0.569800615 -1.750200987 -0.027083859 0.972355425 0.012555994 0.231589600
357.425235 0.403472483 -0.586484075 -1.721361756 -0.028418470 0.975911736 0.015950738 0.215718046
357.525234 0.386541247 -0.564755857 -1.726268530 -0.028304193 0.977964580 0.014105272 0.206362024
357.725234 0.399533868 -0.526289403 -1.715737820 -0.027915593 0.972752690 0.035904445 0.227340728
359.425234 0.703848600 -0.442974359 -1.257029772 -0.038674489 0.736671567 0.061942454 0.672296405
360.275234 0.678360462 -0.453119457 -0.873466969 -0.042292036 0.507471859 0.051590297 0.859082162
360.575234 0.657740951 -0.433282971 -0.762955248 -0.042964645 0.399746329 0.054771997 0.913978696
360.975234 0.621264815 -0.430775225 -0.603975236 -0.050862700 0.256114334 0.049849346 0.964019418
361.475233 0.545828342 -0.422754407 -0.439282537 -0.054410342 0.081647649 0.047793981 0.994026601
363.525233 0.051424634 -0.149597079 -0.096768536 -0.045936082 -0.015790252 0.089932501 0.994762659
