16100874000
16150874000
16200873999
16250874000
16300874000
16350874000
16400874000
16450873999
16500872999
16550874000
16600874000
16650874000
16700873999
16750874000
16800874000
16850873000
16900873000
16950873000
17000874000
17050874000
17100873000
17150874000
17200874000
17250873000
17300873000
17350873000
17400873000
17450873000
17500873000
17550874000
17600873000
17650873000
17700873000
17750873000
17800873000
17850873000
17900873000
17950873000
18000873000
18050873000
18100873000
18150873000
18200873000
18250873000
18300873000
18350873000
18400873000
18450873000
18500873000
18550873000
18600873000
18650873000
18700873000
18750873000
18800873000
18850873000
18900873000
18950873000
19000873000
19050873000
19100873000
19150873000
19200873000
19250873000
19300873000
19350873000
19400873000
19450873000
19500873000
19550873000
19600873000
19650873000
19700873000
19750873000
19800873000
19850873000
19900873000
19950873000
20000873000
20050873000
20100873000
20150873000
20200873000
20250873000
20300873000
20350873000
20400873000
20450873000
20500872000
20550873000
20600872000
20650873000
20700873000
20750873000
20800873000
20850872000
20900872000
20950872000
21000873000
21050873000
21100872000
21150872000
21200873000
21250873000
21300872000
21350872000
21400872000
21450872000
21500872000
21550873000
21600873000
21650872000
21700872000
21750872000
21800872000
21850872000
21900872000
21950872000
22000872000
22050872000
22100872000
22150872000
22200872000
22250872000
22300872000
22350872000
22400872000
22450872000
22500872000
22550872000
22600872000
22650872000
22700872000
22750872000
22800872000
22850872000
22900872000
22950872000
23000872000
23050872000
23100873000
23150872000
23200872000
23250872000
23300872000
23350872000
23400872000
23450872000
23500872000
23550872000
23600872000
23650872000
23700872000
23750872000
23800872000
23850872000
23900872000
23950872000
24000872000
24050872000
24100872000
24150872000
24200872000
24250872000
24300872000
24350872000
24400872000
24450872000
24500871000
24550872000
24600871000
24650872000
24700872000
24750872000
24800872000
24850871000
24900871000
24950871000
25000872000
25050872000
25100871000
25150872000
25200872000
25250871000
25300871000
25350871000
25400871000
25450871000
25500871000
25550872000
25600871000
25650871000
25700871000
25750871000
25800871000
25850871000
25900871000
25950871000
26000871000
26050871000
26100871000
26150871000
26200872000
26250872000
26300871000
26350871000
26400871000
26450871000
26500871000
26550871000
26600871000
26650871000
26700871000
26750871000
26800871000
26850871000
26900871000
26950871000
27000871000
27050871000
27100871000
27150871000
27200871000
27250871000
27300871000
27350871000
27400871000
27450871000
27500871000
27550871000
27600871000
27650871000
27700871000
27750871000
27800871000
27850871000
27900871000
27950871000
28000871000
28050871000
28100871000
28150871000
28200871000
28250871000
28300871000
28350871000
28400871000
28450871000
28500870000
28550871000
28600871000
28650871000
28700871000
28750871000
28800871000
28850870000
28900870000
28950871000
29000871000
29050871000
29100870000
29150870000
29200871000
29250871000
29300870000
29350870000
29400870000
29450870000
29500870000
29550871000
29600870000
29650870000
29700870000
29750870000
29800870000
29850870000
29900870000
29950870000
30000870000
30050870000
30100870000
30150870000
30200870000
30250870000
30300870000
30350870000
30400870000
30450870000
30500870000
30550870000
30600870000
30650870000
30700870000
30750870000
30800870000
30850870000
30900870000
30950870000
31000870000
31050870000
31100870000
31150870000
31200870000
31250870000
31300870000
31350870000
31400870000
31450870000
31500870000
31550870000
31600870000
31650870000
31700870000
31750870000
31800870000
31850870000
31900870000
31950870000
32000870000
32050870000
32100870000
32150869999
32200870000
32250870000
32300870000
32350870000
32400869999
32450870000
32500869000
32550870000
32600869000
32650869999
32700870000
32750870000
32800869000
32850869000
32900869000
32950868999
33000870000
33050870000
33100869000
33150869000
33200870000
33250870000
33300869000
33350869000
33400869000
33450868999
33500869000
33550870000
33600869000
33650869000
33700868999
