16325320999
16375319999
16425320000
16475320000
16525320000
16575320000
16625319999
16675320000
16725320000
16775320000
16825320000
16875319999
16925320000
16975320000
17025320000
17075320000
17125319999
17175320000
17225320000
17275320000
17325320000
17375320000
17425320000
17475320000
17525320000
17575320000
17625320000
17675320000
17725320000
17775320000
17825320000
17875320000
17925320000
17975320000
18025320000
18075320000
18125320000
18175320000
18225320000
18275320000
18325320000
18375320000
18425320000
18475320000
18525320000
18575320000
18625320000
18675320000
18725319000
18775320000
18825320000
18875320000
18925320000
18975320000
19025319000
19075320000
19125320000
19175320000
19225319000
19275319000
19325320000
19375320000
19425319000
19475320000
19525319000
19575319000
19625319000
19675319000
19725319000
19775319000
19825320000
19875319000
19925319000
19975320000
20025319000
20075319000
20125319000
20175320000
20225319000
20275319000
20325320000
20375320000
20425319000
20475319000
20525319000
20575319000
20625319000
20675319000
20725319000
20775319000
20825320000
20875319000
20925319000
20975319000
21025319000
21075319000
21125319000
21175319000
21225319000
21275319000
21325319000
21375319000
21425319000
21475319000
21525319000
21575319000
21625319000
21675319000
21725319000
21775319000
21825320000
21875319000
21925319000
21975319000
22025319000
22075319000
22125319000
22175319000
22225319000
22275319000
22325319000
22375319000
22425319000
22475319000
22525319000
22575319000
22625319000
22675319000
22725318000
22775319000
22825319000
22875319000
22925319000
22975319000
23025319000
23075319000
23125318000
23175319000
23225319000
23275319000
23325319000
23375319000
23425319000
23475319000
23525318000
23575319000
23625318000
23675318000
23725318000
23775318000
23825319000
23875318000
23925318000
23975319000
24025318000
24075318000
24125318000
24175319000
24225318000
24275318000
24325319000
24375318000
24425318000
24475318000
24525318000
24575318000
24625318000
24675318000
24725318000
24775318000
24825318000
24875318000
24925318000
24975318000
25025318000
25075318000
25125318000
25175318000
25225318000
25275318000
25325318000
25375318000
25425318000
25475318000
25525318000
25575318000
25625318000
25675318000
25725318000
25775318000
25825318000
25875318000
25925318000
25975318000
26025318000
26075318000
26125318000
26175318000
26225318000
26275318000
26325318000
26375318000
26425318000
26475318000
26525318000
26575318000
26625318000
26675318000
26725317000
26775318000
26825318000
26875318000
26925317000
26975318000
27025317000
27075318000
27125317000
27175318000
27225318000
27275317000
27325318000
27375318000
27425317000
27475318000
27525317000
27575318000
27625317000
27675317000
27725317000
27775317000
27825318000
27875317000
27925318000
27975317000
28025317000
28075317000
28125317000
28175317000
28225317000
28275317000
28325318000
28375317000
28425317000
28475317000
28525317000
28575317000
28625317000
28675317000
28725317000
28775317000
28825317000
28875317000
28925317000
28975317000
29025317000
29075317000
29125317000
29175317000
29225317000
29275317000
29325317000
29375317000
29425317000
29475317000
29525317000
29575317000
29625317000
29675317000
29725317000
29775317000
29825317000
29875317000
29925317000
29975317000
30025317000
30075317000
30125317000
30175317000
30225317000
30275317000
30325317000
30375317000
30425317000
30475317000
30525317000
30575317000
30625317000
30675317000
30725316000
30775317000
30825317000
30875317000
30925317000
30975317000
31025317000
31075317000
31125316000
31175317000
31225317000
31275316000
31325317000
31375317000
31425316000
31475317000
31525316000
31575316000
31625316000
31675316000
31725316000
31775316000
31825317000
31875317000
31925316000
31975316000
32025315999
32075316000
32125315999
32175316000
32225316000
32275315999
32325317000
32375315999
32425316000
32475316000
32525315999
32575316000
32625315999
32675316000
32725316000
32775315999
32825317000
32875315999
32925316000
32975316000
33025315999
33075316000
33125315999
33175316000
33225316000
33275315999
33325316000
33375315999
33425316000
33475316000
33525315999
33575316000
33625315999
33675316000
33725316000
33775315999
33825316000
33875315999
33925316000
33975316000
34025315999
34075316000
34125315999
34175316000
34225316000
34275315999
34325316000
34375316000
34425316000
34475316000
34525316000
34575316000
34625316000
34675316000
34725315000
34775316000
34825316000
34875316000
34925316000
34975316000
35025316000
35075316000
35125316000
35175315000
35225316000
35275315000
35325316000
35375316000
35425315000
35475316000
35525315000
35575316000
35625315000
35675315000
35725315000
35775315000
35825316000
35875315000
35925315000
35975316000
36025315000
36075315000
36125315000
36175315000
36225316000
36275315000
36325316000
36375315000
36425315000
36475315000
36525315000
36575315000
36625315000
36675315000
36725315000
36775315000
36825316000
36875315000
36925315000
36975315000
37025315000
37075315000
37125315000
37175315000
37225315000
37275315000
37325315000
37375315000
37425315000
37475315000
37525315000
37575315000
37625315000
37675315000
37725315000
37775315000
37825315000
37875315000
37925315000
37975315000
38025315000
38075315000
38125315000
38175315000
38225315000
38275315000
38325315000
38375315000
38425315000
38475315000
38525315000
38575315000
38625315000
38675315000
38725314000
38775315000
38825315000
38875315000
38925315000
38975315000
39025315000
39075315000
39125314000
39175314000
39225315000
39275314000
39325315000
39375315000
39425315000
39475315000
39525314000
39575314000
39625314000
39675314000
39725314000
39775314000
39825315000
39875314000
39925314000
39975314000
40025314000
40075314000
40125314000
40175315000
40225314000
40275314000
40325315000
40375314000
40425314000
40475314000
40525314000
40575314000
40625314000
40675314000
40725314000
40775314000
40825314000
40875314000
40925314000
40975314000
41025314000
41075314000
41125314000
41175314000
41225314000
41275314000
41325314000
41375314000
41425314000
41475314000
41525314000
41575314000
41625314000
41675314000
41725314000
41775314000
41825314000
41875314000
41925314000
41975314000
42025314000
42075314000
42125314000
42175314000
42225314000
42275314000
42325314000
42375314000
42425314000
42475314000
42525314000
42575314000
42625314000
42675314000
42725313000
42775314000
42825314000
42875314000
42925314000
42975314000
43025314000
43075314000
43125313000
43175313000
43225314000
43275313000
43325314000
43375314000
43425313000
43475314000
43525313000
43575314000
43625313000
43675313000
43725313000
43775313000
43825314000
43875313000
43925313000
43975313000
44025313000
44075313000
44125313000
44175313000
44225313000
44275313000
44325314000
44375313000
44425313000
44475313000
44525313000
44575313000
44625313000
44675313000
44725313000
44775313000
44825314000
44875313000
44925313000
44975313000
45025313000
45075313000
45125313000
45175313000
45225313000
45275313000
45325313000
45375313000
45425313000
45475313000
45525313000
45575313000
45625313000
45675313000
45725313000
45775313000
45825313000
45875313000
45925313000
45975313000
46025313000
46075313000
46125313000
46175313000
46225313000
46275313000
46325313000
46375313000
46425313000
46475313000
46525313000
46575313000
46625313000
46675313000
46725312000
46775313000
46825313000
46875313000
46925313000
46975313000
47025313000
47075313000
47125313000
47175313000
47225313000
47275312000
47325313000
47375313000
47425312000
47475313000
47525313000
47575313000
47625312000
47675312000
47725312000
47775312000
47825313000
47875312000
47925312000
47975312000
48025312000
48075312000
48125312000
48175312000
48225312000
48275312000
48325313000
48375312000
48425312000
48475312000
48525312000
48575312000
48625312000
48675312000
48725312000
48775312000
48825313000
48875312000
48925312000
48975312000
49025312000
49075312000
49125312000
49175312000
49225312000
49275312000
49325312000
49375312000
49425312000
49475312000
49525312000
49575312000
49625312000
49675312000
49725312000
49775312000
49825312000
49875312000
49925312000
49975312000
50025312000
50075312000
50125312000
50175312000
50225312000
50275312000
50325312000
50375312000
50425312000
50475312000
50525312000
50575312000
50625312000
50675312000
50725311000
50775312000
50825312000
50875312000
50925312000
50975312000
51025311000
51075312000
51125311000
51175311000
51225312000
51275312000
51325312000
51375312000
51425311000
51475312000
51525312000
51575311000
51625311000
51675311000
51725311000
51775311000
51825312000
51875311000
51925311000
51975311000
52025311000
52075311000
52125311000
52175311000
52225311000
52275311000
52325312000
52375311000
52425311000
52475312000
52525311000
52575311000
52625311000
52675311000
52725311000
52775311000
52825312000
52875311000
52925311000
52975311000
53025311000
53075311000
53125311000
53175311000
53225311000
53275311000
53325311000
53375311000
53425311000
53475311000
53525311000
53575311000
53625311000
53675311000
53725311000
53775311000
53825311000
53875311000
53925311000
53975311000
54025311000
54075311000
54125311000
54175311000
54225311000
54275311000
54325311000
54375311000
54425311000
54475311000
54525311000
54575311000
54625311000
54675311000
54725311000
54775311000
54825311000
54875311000
54925311000
54975311000
55025311000
55075311000
55125310000
55175310000
55225311000
55275310000
55325311000
55375311000
55425310000
55475311000
55525310000
55575310000
55625310000
55675310000
55725310000
55775310000
55825311000
55875310000
55925310000
55975311000
56025310000
56075310000
56125310000
56175310000
56225310000
56275310000
56325311000
56375310000
56425310000
56475310000
56525310000
56575310000
56625310000
56675310000
56725310000
56775310000
56825311000
56875310000
56925310000
56975310000
57025310000
57075310000
57125310000
57175310000
57225310000
57275310000
57325310000
57375310000
57425310000
57475310000
57525310000
57575310000
57625310000
57675310000
57725310000
57775310000
57825310000
57875310000
57925310000
57975310000
58025310000
58075310000
58125310000
58175310000
58225310000
58275310000
58325310000
58375310000
58425310000
58475310000
58525310000
58575310000
58625310000
58675310000
58725309000
58775310000
58825310000
58875310000
58925310000
58975310000
59025310000
59075310000
59125309000
59175309000
59225310000
59275309000
59325310000
59375310000
59425309000
59475310000
59525309000
59575310000
59625309000
59675309000
59725309000
59775309000
59825310000
59875309000
59925309000
59975309000
60025309000
60075310000
60125309000
60175309000
60225309000
60275309000
60325310000
60375309000
60425309000
60475309000
60525309000
60575309000
60625309000
60675309000
60725309000
60775309000
60825310000
60875309000
60925309000
60975309000
61025309000
61075309000
61125309000
61175309000
61225309000
61275309000
61325309000
61375309000
61425309000
61475309000
61525309000
61575309000
61625309000
61675309000
61725309000
61775309000
61825309000
61875309000
61925309000
61975309000
62025309000
62075309000
62125309000
62175309000
62225309000
62275309000
62325309000
62375309000
62425309000
62475309000
62525309000
62575309000
62625309000
62675309000
62725308000
62775309000
62825309000
62875309000
62925309000
62975309000
63025308000
63075309000
63125309000
63175308000
63225309000
63275308000
63325309000
63375309000
63425308000
63475309000
63525309000
63575308000
63625308000
63675308000
63725308000
63775308000
63825309000
63875308000
63925309000
63975308000
64025307999
64075308000
64125308000
64175308000
64225308000
64275307999
64325309000
64375308000
64425308000
64475308000
64525307999
64575308000
64625308000
64675308000
64725308000
64775307999
64825309000
64875308000
64925308000
64975308000
65025307999
65075308000
65125308000
65175308000
65225308000
65275307999
65325308000
65375308000
65425308000
65475308000
65525307999
65575308000
65625308000
65675308000
65725308000
65775307999
65825308000
65875308000
65925308000
65975308000
66025307999
66075308000
66125308000
66175308000
66225308000
66275307999
66325308000
66375308000
66425308000
66475308000
66525307999
66575308000
66625308000
66675308000
66725307000
66775307999
66825308000
66875308000
66925308000
66975308000
67025307999
67075308000
67125307000
67175307000
67225308000
67275307000
67325308000
67375308000
67425308000
67475308000
67525307000
67575306999
67625307000
67675307000
67725308000
67775307000
67825308000
67875307000
67925307000
67975308000
68025307000
68075306999
68125307000
68175307000
68225307000
68275307000
68325308000
68375307000
68425307000
68475307000
68525307000
68575306999
68625307000
68675307000
68725307000
68775307000
68825307000
68875307000
68925307000
68975307000
69025307000
69075307000
69125307000
69175307000
69225307000
69275307000
69325307000
69375307000
69425307000
69475307000
69525307000
69575307000
69625307000
69675307000
69725307000
69775307000
69825307000
69875307000
69925307000
69975307000
70025307000
70075307000
70125307000
70175307000
70225307000
70275307000
70325307000
70375307000
70425307000
70475307000
70525307000
70575307000
70625307000
70675307000
70725306000
70775307000
70825307000
70875307000
70925307000
70975307000
71025307000
71075307000
71125306000
71175306000
71225307000
71275306000
71325307000
71375307000
71425306000
71475307000
71525307000
71575306000
71625306000
71675306000
71725306000
71775306000
71825307000
71875306000
71925306000
71975306000
72025306000
72075306000
72125306000
72175306000
72225306000
72275306000
72325307000
72375306000
72425306000
72475306000
72525306000
72575306000
72625306000
72675306000
72725306000
72775306000
72825307000
72875306000
72925306000
72975306000
73025306000
73075306000
73125306000
73175306000
73225306000
73275306000
73325306000
73375306000
73425306000
73475306000
73525306000
73575306000
73625306000
73675306000
73725306000
73775306000
73825307000
73875306000
73925306000
73975306000
74025306000
74075306000
74125306000
74175306000
74225306000
74275306000
74325306000
74375306000
74425306000
74475306000
74525306000
74575306000
74625306000
74675306000
74725305000
74775306000
74825306000
74875306000
74925306000
74975306000
75025306000
75075306000
75125305000
75175305000
75225305000
75275306000
75325306000
75375306000
75425306000
75475306000
75525306000
75575305000
75625305000
75675305000
75725305000
75775305000
75825306000
75875305000
75925305000
75975305000
76025305000
76075305000
76125306000
76175305000
76225305000
76275305000
76325306000
76375305000
76425305000
76475305000
76525305000
76575305000
76625305000
76675305000
76725305000
76775305000
76825305000
76875306000
76925305000
76975305000
77025305000
77075305000
77125305000
77175305000
77225305000
77275305000
77325305000
77375305000
77425305000
77475305000
77525305000
77575305000
77625305000
77675305000
77725305000
77775305000
77825305000
77875305000
77925305000
77975305000
78025305000
78075305000
78125305000
78175305000
78225305000
78275305000
78325305000
78375305000
78425305000
78475305000
78525305000
78575305000
78625305000
78675305000
78725304000
78775305000
78825305000
78875305000
78925305000
78975305000
79025304000
79075305000
79125304000
79175305000
79225304000
79275305000
79325305000
79375305000
79425304000
79475305000
79525304000
79575304000
79625304000
79675304000
79725304000
79775304000
79825305000
79875305000
79925304000
79975304000
80025304000
80075304000
80125304000
80175304000
80225304000
80275304000
80325305000
80375305000
80425304000
80475304000
80525304000
80575304000
80625304000
80675304000
80725304000
80775304000
80825305000
80875304000
80925304000
80975304000
81025304000
81075304000
81125304000
81175304000
81225304000
81275304000
81325305000
81375304000
81425304000
81475304000
81525304000
81575304000
81625304000
81675304000
81725304000
81775304000
81825304000
81875304000
81925304000
81975304000
82025304000
82075304000
82125304000
82175304000
82225304000
82275304000
82325304000
82375304000
82425304000
82475304000
82525304000
82575304000
82625304000
82675304000
82725303000
82775304000
82825304000
82875304000
82925304000
82975304000
83025304000
83075304000
83125303000
83175303000
83225303000
83275304000
83325304000
83375304000
83425303000
83475304000
83525303000
83575303000
83625303000
83675303000
83725303000
83775304000
83825304000
83875304000
83925303000
83975304000
84025303000
84075303000
84125303000
84175303000
84225303000
84275303000
84325304000
84375303000
84425303000
84475303000
84525303000
84575303000
84625303000
84675303000
84725303000
84775303000
84825303000
84875303000
84925303000
84975303000
85025303000
85075303000
85125303000
85175303000
85225303000
85275303000
85325303000
85375303000
85425303000
85475303000
85525303000
85575303000
85625303000
85675303000
85725303000
85775303000
85825303000
85875303000
85925303000
85975303000
86025303000
86075303000
86125303000
86175303000
86225303000
86275303000
86325303000
86375303000
86425303000
86475303000
86525303000
86575303000
86625303000
86675303000
86725302000
86775303000
86825303000
86875303000
86925303000
86975303000
87025303000
87075303000
87125302000
87175302000
87225302000
87275303000
87325303000
87375303000
87425302000
87475303000
87525303000
87575302000
87625303000
87675302000
87725302000
87775302000
87825303000
87875302000
87925302000
87975302000
88025302000
88075302000
88125302000
88175302000
88225302000
88275302000
88325303000
88375303000
88425302000
88475302000
88525302000
88575302000
88625302000
88675302000
88725302000
88775302000
88825302000
88875302000
88925302000
88975302000
89025302000
89075302000
89125302000
89175302000
89225302000
89275302000
89325302000
89375302000
89425302000
89475302000
89525302000
89575302000
89625302000
89675302000
89725302000
89775302000
89825302000
89875302000
89925302000
89975302000
90025302000
90075302000
90125302000
90175302000
90225302000
90275302000
90325302000
90375302000
90425302000
90475302000
90525302000
90575302000
90625302000
90675302000
90725301000
90775302000
90825302000
90875302000
90925302000
90975302000
91025301000
91075302000
91125301000
91175301000
91225301000
91275302000
91325302000
91375302000
91425302000
91475302000
91525301000
91575301000
91625301000
91675301000
91725301000
91775301000
91825302000
91875301000
91925301000
91975302000
92025301000
92075301000
92125301000
92175302000
92225301000
92275301000
92325302000
92375301000
92425301000
92475301000
92525301000
92575301000
92625301000
92675301000
92725301000
92775301000
92825301000
92875301000
92925301000
92975301000
93025301000
93075301000
93125301000
93175301000
93225301000
93275301000
93325302000
93375301000
93425301000
93475301000
93525301000
93575301000
93625301000
93675301000
93725301000
93775301000
93825301000
93875301000
93925301000
93975301000
94025301000
94075301000
94125301000
94175301000
94225301000
94275301000
94325301000
94375301000
94425301000
94475301000
94525301000
94575301000
94625301000
94675301000
94725300000
94775301000
94825301000
94875301000
94925301000
94975301000
95025301000
95075301000
95125300000
95175300000
95225300000
95275301000
95325301000
95375301000
95425300000
95475301000
95525300000
95575300000
95625300000
95675300000
95725300000
95775300000
95825301000
95875300000
95925300000
95975300000
96025300000
96075300000
96125300000
96175300000
96225300000
96275300000
96325301000
96375300000
96425300000
96475300000
96525300000
96575300000
96625300000
96675300000
96725300000
96775300000
96825301000
96875300000
96925300000
96975300000
97025300000
97075300000
97125300000
97175300000
97225300000
97275300000
97325301000
97375300000
97425300000
97475300000
97525301000
97575300000
97625300000
97675300000
97725300000
97775300000
97825300000
97875300000
97925300000
97975300000
98025300000
98075300000
98125300000
98175300000
98225300000
98275300000
98325300000
98375300000
98425300000
98475300000
98525300000
98575300000
98625300000
98675300000
98725299000
98775300000
98825300000
98875300000
98925300000
98975300000
99025299000
99075300000
99125300000
99175300000
99225299000
99275300000
99325300000
99375300000
99425299000
99475300000
99525299000
99575299000
99625300000
99675299000
99725299000
99775299000
99825300000
99875299000
99925299000
99975300000
100025299000
100075299000
100125299000
100175299000
100225299000
100275299000
100325300000
100375299000
100425299000
100475299000
100525299000
100575299000
100625299000
100675299000
100725299000
100775299000
100825300000
100875299000
100925299000
100975299000
101025299000
101075299000
101125299000
101175299000
101225299000
101275299000
101325300000
101375299000
101425299000
101475299000
101525299000
101575299000
101625299000
101675299000
101725299000
101775299000
101825299000
101875299000
101925299000
101975299000
102025299000
102075299000
102125299000
102175299000
102225299000
102275299000
102325299000
102375299000
102425299000
102475299000
102525299000
102575299000
102625299000
102675299000
102725298000
102775299000
102825299000
102875299000
102925299000
102975299000
103025299000
103075299000
103125298000
103175298000
103225298000
103275299000
103325299000
103375299000
103425298000
103475299000
103525298000
103575298000
103625298000
103675298000
103725298000
103775298000
103825299000
103875298000
103925298000
103975298000
104025298000
104075298000
104125298000
104175298000
104225298000
104275299000
104325299000
104375298000
104425298000
104475298000
104525298000
104575298000
104625298000
104675298000
104725298000
104775298000
104825298000
104875298000
104925298000
104975298000
105025298000
105075298000
105125298000
105175298000
105225298000
105275298000
105325298000
105375298000
105425298000
105475298000
105525298000
105575298000
105625298000
105675298000
105725298000
105775298000
105825298000
105875298000
105925298000
105975298000
106025298000
106075298000
106125298000
106175298000
106225298000
106275298000
106325298000
106375298000
106425298000
106475298000
106525298000
106575298000
106625298000
106675298000
106725298000
106775298000
106825298000
106875298000
106925298000
106975298000
107025298000
107075298000
107125297000
107175297000
107225297000
107275298000
107325298000
107375298000
107425297000
107475298000
107525297000
107575297000
107625297000
107675297000
107725297000
107775297000
107825298000
107875297000
107925297000
107975297000
108025297000
108075297000
108125297000
108175297000
108225297000
108275297000
108325298000
108375297000
108425297000
108475297000
108525297000
108575297000
108625297000
108675297000
108725297000
108775297000
108825298000
108875297000
108925297000
108975297000
109025297000
109075297000
109125297000
109175297000
109225297000
109275297000
109325298000
109375297000
109425297000
109475297000
109525297000
109575297000
109625297000
109675297000
109725297000
109775297000
109825297000
109875297000
109925297000
109975297000
110025297000
110075297000
110125297000
110175297000
110225297000
110275297000
110325297000
110375297000
110425297000
110475297000
110525297000
110575297000
110625297000
110675297000
110725296000
110775297000
110825297000
110875297000
110925297000
110975297000
111025296000
111075297000
111125296000
111175296000
111225296000
111275297000
111325297000
111375297000
111425296000
111475297000
111525297000
111575296000
111625296000
111675296000
111725296000
111775296000
111825297000
111875297000
111925296000
111975296000
112025296000
112075297000
112125296000
112175296000
112225296000
112275296000
112325297000
112375296000
112425296000
112475296000
112525296000
112575296000
112625296000
112675296000
112725296000
112775296000
112825297000
112875296000
112925296000
112975296000
113025296000
113075296000
113125296000
113175296000
113225296000
113275296000
113325296000
113375296000
113425296000
113475296000
113525296000
113575296000
113625296000
113675296000
113725296000
113775296000
113825296000
113875296000
113925296000
113975296000
114025296000
114075296000
114125296000
114175296000
114225296000
114275296000
114325296000
114375296000
114425296000
114475296000
114525296000
114575296000
114625296000
114675296000
114725295000
114775296000
114825296000
114875296000
114925296000
114975296000
115025296000
115075296000
115125296000
115175295000
115225295000
115275296000
115325296000
115375296000
115425295000
115475296000
115525295000
115575295000
115625295000
115675295000
115725295000
115775295000
115825296000
115875296000
115925296000
115975296000
116025295000
116075295000
116125295000
116175295000
116225295000
116275295000
116325296000
116375295000
116425295000
116475295000
116525295000
116575295000
116625295000
116675295000
116725295000
116775295000
116825295000
116875295000
116925295000
116975295000
117025295000
117075295000
117125295000
117175295000
117225295000
117275295000
117325296000
117375295000
117425295000
117475295000
117525295000
117575295000
117625295000
117675295000
117725295000
117775295000
117825295000
117875295000
117925295000
117975295000
118025295000
118075295000
118125295000
118175295000
118225295000
118275295000
118325295000
118375295000
118425295000
118475295000
118525295000
118575295000
118625295000
118675295000
118725294000
118775295000
118825295000
118875295000
118925295000
118975295000
119025295000
119075295000
119125294000
119175294000
119225294000
119275295000
119325295000
119375295000
119425294000
119475295000
119525294000
119575295000
119625294000
119675295000
119725294000
119775294000
119825295000
119875294000
119925294000
119975294000
120025294000
120075294000
120125294000
120175294000
120225294000
120275295000
120325294000
120375294000
120425294000
120475295000
120525294000
120575294000
120625294000
120675294000
120725294000
120775294000
120825295000
120875294000
120925294000
120975294000
121025294000
121075294000
121125294000
121175294000
121225294000
121275294000
121325294000
121375294000
121425294000
121475294000
121525294000
121575294000
121625294000
121675294000
121725294000
121775294000
121825294000
121875294000
121925294000
121975294000
122025294000
122075294000
122125294000
122175294000
122225294000
122275294000
122325294000
122375294000
122425294000
122475294000
122525294000
122575294000
122625294000
122675294000
122725294000
122775294000
122825294000
122875294000
122925294000
122975294000
123025294000
123075294000
123125293000
123175293000
123225293000
123275294000
123325294000
123375294000
123425293000
123475294000
123525293000
123575293000
123625293000
123675293000
123725293000
123775293000
123825294000
123875293000
123925293000
123975293000
124025293000
124075294000
124125293000
124175293000
124225293000
124275293000
124325294000
124375293000
124425293000
124475293000
124525293000
124575293000
124625293000
124675293000
124725293000
124775293000
124825294000
124875293000
124925293000
124975293000
125025294000
125075293000
125125293000
125175293000
125225293000
125275293000
125325293000
125375293000
125425293000
125475293000
125525293000
125575293000
125625293000
125675293000
125725293000
125775293000
125825293000
125875293000
125925293000
125975293000
126025293000
126075293000
126125293000
126175293000
126225293000
126275293000
126325293000
126375293000
126425293000
126475293000
126525293000
126575293000
126625293000
126675293000
126725292000
126775293000
126825293000
126875293000
126925293000
126975293000
127025292000
127075293000
127125293000
127175292000
127225292000
127275292000
127325293000
127375293000
127425293000
127475293000
127525292000
127575292000
127625292000
127675292000
127725292000
127775292000
127825293000
127875292000
127925292000
127975293000
128025292000
128075291999
128125293000
128175292000
128225292000
128275292000
128325291999
128375292000
128425292000
128475292000
128525292000
128575291999
128625292000
128675292000
128725292000
128775292000
128825291999
128875293000
128925292000
128975292000
129025292000
129075291999
129125292000
129175292000
129225292000
129275292000
129325292999
129375292000
129425292000
129475292000
129525292000
129575291999
129625292000
129675292000
129725292000
129775292000
129825291999
129875292000
129925292000
129975292000
130025292000
130075291999
130125292000
130175292000
130225292000
130275292000
130325292999
130375292000
130425292000
130475292000
130525292000
130575291999
130625292000
130675292000
130725291000
130775292000
130825291999
130875292000
130925292000
130975292000
131025292000
131075291999
131125291000
131175292000
131225291000
131275291000
131325291999
131375292000
131425292000
131475292000
131525291000
131575291999
131625291000
131675290999
131725291000
131775291000
131825291999
131875291000
131925290999
131975292000
132025291000
132075291000
132125291000
132175290999
132225291000
132275291000
132325291999
132375291000
132425290999
132475291000
132525291000
132575291000
132625291000
132675290999
132725291000
132775291000
132825291000
132875291000
132925290999
132975291000
133025291000
133075291000
133125291000
133175290999
133225291000
133275291000
133325291999
133375291000
133425290999
133475291000
133525291000
133575291000
133625291000
133675290999
133725291000
133775291000
133825291000
133875291000
133925290999
133975291000
134025291000
134075291000
134125291000
134175290999
134225291000
134275291000
134325291000
134375291000
134425290999
134475291000
134525291000
134575291000
134625291000
134675290999
134725290000
134775291000
134825291000
134875291000
134925290999
134975291000
135025291000
135075291000
135125290000
135175289999
135225290000
135275291000
135325291000
135375291000
135425289999
135475291000
135525291000
135575290000
135625290000
135675289999
135725290000
135775290000
135825291000
135875290000
135925289999
135975291000
136025290000
136075290000
136125290000
136175289999
136225290000
136275290000
136325291000
136375290000
136425289999
136475290000
136525290000
136575290000
136625290000
136675289999
136725290000
136775290000
136825290000
136875290000
136925289999
136975290000
137025290000
137075290000
137125290000
137175289999
137225290000
137275290000
137325291000
137375290000
137425289999
137475290000
137525290000
137575290000
137625290000
137675290000
137725290000
137775290000
137825290000
137875290000
137925290000
137975290000
138025290000
138075290000
138125290000
138175290000
138225290000
138275290000
138325290000
138375290000
138425290000
138475290000
138525290000
138575290000
138625290000
138675290000
138725289000
138775290000
138825290000
138875290000
138925290000
138975290000
139025290000
139075290000
139125289000
139175289000
139225289000
139275289000
139325290000
139375290000
139425289000
139475290000
139525290000
139575290000
139625289000
139675289000
139725289000
139775289000
139825290000
139875289000
139925289000
139975289000
140025289000
140075289000
140125289000
140175289000
140225289000
140275289000
140325290000
140375289000
140425289000
140475289000
140525289000
140575289000
140625289000
140675289000
140725289000
140775289000
140825289000
140875289000
140925289000
140975289000
141025289000
141075289000
141125289000
141175289000
141225289000
141275289000
141325290000
141375289000
141425289000
141475289000
141525289000
141575289000
141625289000
141675289000
141725289000
141775289000
141825289000
141875289000
141925289000
141975289000
142025289000
142075289000
142125289000
142175289000
142225289000
142275289000
142325289000
142375289000
142425289000
142475289000
142525289000
142575289000
142625289000
142675289000
142725288000
142775289000
142825289000
142875289000
142925289000
142975289000
143025289000
143075289000
143125288000
143175289000
143225288000
143275288000
143325289000
143375289000
143425289000
143475289000
143525288000
143575288000
143625288000
143675288000
143725288000
143775288000
143825289000
143875289000
143925288000
143975288000
144025288000
144075288000
144125288000
144175288000
144225288000
144275288000
144325289000
144375289000
144425288000
144475288000
144525288000
144575288000
144625288000
144675288000
144725288000
144775288000
144825289000
144875288000
144925288000
144975288000
145025288000
145075288000
145125288000
145175288000
145225288000
145275288000
145325289000
145375288000
145425288000
145475288000
145525288000
145575288000
145625288000
145675288000
145725288000
145775288000
145825288000
145875288000
145925288000
145975288000
146025288000
146075288000
146125288000
146175288000
146225288000
146275288000
146325288000
146375288000
146425288000
146475288000
146525288000
146575288000
146625288000
146675288000
146725287000
146775288000
146825288000
146875288000
146925288000
146975288000
147025287000
147075288000
147125287000
147175287000
147225288000
147275287000
147325288000
147375288000
147425287000
147475288000
147525287000
147575287000
147625287000
147675287000
147725287000
147775287000
147825288000
147875287000
147925287000
147975288000
148025287000
148075287000
148125287000
148175287000
148225287000
148275287000
148325288000
148375287000
148425287000
148475287000
148525287000
148575287000
148625287000
148675287000
148725287000
148775287000
148825288000
148875287000
148925287000
148975287000
149025287000
149075287000
149125287000
149175287000
149225287000
149275287000
149325288000
149375287000
149425287000
149475287000
149525287000
149575287000
149625287000
149675287000
149725287000
149775287000
149825287000
149875287000
149925287000
149975287000
150025287000
150075287000
150125287000
150175287000
150225287000
150275287000
150325288000
150375287000
150425287000
150475287000
150525287000
150575287000
150625287000
150675287000
150725286000
150775287000
150825287000
150875287000
150925287000
150975287000
151025287000
151075287000
151125287000
151175286000
151225286000
151275286000
151325287000
151375287000
151425286000
151475287000
151525286000
151575287000
151625286000
151675286000
151725286000
151775286000
151825287000
151875286000
151925286000
151975286000
152025286000
152075286000
152125286000
152175286000
152225286000
152275286000
152325287000
152375286000
152425286000
152475286000
152525286000
152575286000
152625286000
152675286000
152725286000
152775286000
152825286000
152875286000
152925286000
152975286000
153025286000
153075286000
153125286000
153175286000
153225286000
153275286000
153325287000
153375286000
153425286000
153475286000
153525286000
153575286000
153625286000
153675286000
153725286000
153775286000
153825286000
153875286000
153925286000
153975286000
154025286000
154075286000
154125286000
154175286000
154225286000
154275286000
154325286000
154375286000
154425286000
154475286000
154525286000
154575286000
154625286000
154675286000
154725285000
154775286000
154825286000
154875286000
154925286000
154975286000
155025286000
155075286000
155125285000
155175285000
155225285000
155275285000
155325286000
155375286000
155425286000
155475286000
155525285000
155575285000
155625286000
155675285000
155725285000
155775285000
155825286000
155875285000
155925286000
155975285000
156025285000
156075285000
156125285000
156175285000
156225285000
156275285000
156325286000
156375285000
156425285000
156475285000
156525285000
156575285000
156625285000
156675285000
156725285000
156775285000
156825285000
156875285000
156925285000
156975285000
157025285000
157075285000
157125285000
157175285000
157225285000
157275285000
157325286000
157375285000
157425285000
157475285000
157525285000
157575285000
157625285000
157675285000
157725285000
157775285000
157825285000
157875285000
157925285000
157975285000
158025285000
158075285000
158125285000
158175285000
158225285000
158275285000
158325285000
158375285000
158425285000
158475285000
158525285000
158575285000
158625285000
158675285000
158725285000
158775285000
158825285000
158875285000
158925285000
158975285000
159025285000
159075285000
159125284000
159175284000
159225284000
159275284000
159325285000
159375285000
159425284000
159475285000
159525285000
159575284000
159625284000
159675284000
159725284000
159775284000
159825285000
159875285000
159925284000
159975284000
160025284000
160075285000
160125284000
160175284000
160225284000
160275284000
160325285000
160375284000
160425284000
160475284000
160525284000
160575284000
160625284000
160675284000
160725284000
160775284000
160825285000
160875284000
160925284000
160975284000
161025284000
161075284000
161125284000
161175284000
161225284000
161275284000
161325285000
161375284000
161425284000
161475284000
161525284000
161575284000
161625284000
161675284000
161725284000
161775284000
161825284000
161875284000
161925284000
161975284000
162025284000
162075284000
162125284000
162175284000
162225284000
162275284000
162325284000
162375284000
162425284000
162475284000
162525284000
162575284000
162625284000
162675284000
162725283000
162775284000
162825284000
162875284000
162925284000
162975284000
163025284000
163075284000
163125283000
163175283000
163225283000
163275284000
163325284000
163375284000
163425283000
163475284000
163525283000
163575283000
163625283000
163675283000
163725283000
163775283000
163825284000
163875283000
163925283000
163975283000
164025284000
164075283000
164125283000
164175283000
164225283000
164275283000
164325284000
164375283000
164425283000
164475283000
164525283000
164575283000
164625283000
164675283000
164725283000
164775283000
164825284000
164875283000
164925283000
164975283000
165025283000
165075283000
165125283000
165175283000
165225283000
165275283000
165325284000
165375283000
165425283000
165475283000
165525283000
165575283000
165625283000
165675283000
165725283000
165775283000
165825283000
165875283000
165925283000
165975283000
166025283000
166075283000
166125283000
166175283000
166225283000
166275283000
166325283000
166375283000
166425283000
166475283000
166525283000
166575283000
166625283000
166675283000
166725282000
166775283000
166825283000
166875283000
166925283000
166975283000
167025283000
167075283000
167125283000
167175282000
167225282000
167275282000
167325283000
167375283000
167425283000
167475283000
167525282000
167575283000
167625282000
167675282000
167725282000
167775282000
167825283000
167875283000
167925283000
167975282000
168025282000
168075282000
168125282000
168175282000
168225282000
168275282000
168325283000
168375282000
168425282000
168475283000
168525282000
168575282000
168625282000
168675282000
168725282000
168775282000
168825282000
168875282000
168925282000
168975282000
169025282000
169075282000
169125282000
169175282000
169225282000
169275282000
169325283000
169375282000
169425282000
169475282000
169525282000
169575282000
169625282000
169675282000
169725282000
169775282000
169825282000
169875282000
169925282000
169975282000
170025282000
170075282000
170125282000
170175282000
170225282000
170275282000
170325282000
170375282000
170425282000
170475282000
170525282000
170575282000
170625282000
170675282000
170725281000
170775282000
170825282000
170875282000
170925282000
170975282000
171025282000
171075282000
171125281000
171175281000
171225281000
171275281000
171325282000
171375282000
171425282000
171475282000
171525282000
171575281000
171625281000
171675281000
171725281000
171775281000
171825282000
171875281000
171925281000
171975281000
172025281000
172075281000
172125281000
172175281000
172225281000
172275281000
172325282000
172375282000
172425281000
172475281000
172525281000
172575281000
172625281000
172675281000
172725281000
172775281000
172825282000
172875281000
172925281000
172975281000
173025281000
173075281000
173125281000
173175281000
173225281000
173275281000
173325282000
173375281000
173425281000
173475281000
173525281000
173575281000
173625281000
173675281000
173725281000
173775281000
173825281000
173875281000
173925281000
173975281000
174025281000
174075281000
174125281000
174175281000
174225281000
174275281000
174325281000
174375281000
174425281000
174475281000
174525281000
174575281000
174625281000
174675281000
174725280000
174775281000
174825281000
174875281000
174925281000
174975281000
175025281000
175075281000
175125280000
175175280000
175225280000
175275280000
175325281000
175375281000
175425281000
175475281000
175525280000
175575281000
175625280000
175675280000
175725280000
175775280000
175825281000
175875280000
175925280000
175975280000
176025280000
176075280000
176125280000
176175280000
176225280000
176275280000
176325281000
176375281000
176425280000
176475280000
176525280000
176575280000
176625280000
176675280000
176725280000
176775280000
176825281000
176875280000
176925280000
176975280000
177025280000
177075280000
177125280000
177175280000
177225280000
177275280000
177325280000
177375280000
177425280000
177475280000
177525280000
177575280000
177625280000
177675280000
177725280000
177775280000
177825280000
177875280000
177925280000
177975280000
178025280000
178075280000
178125280000
178175280000
178225280000
178275280000
178325280000
178375280000
178425280000
178475280000
178525280000
178575280000
178625280000
178675280000
178725279000
178775280000
178825280000
178875280000
178925280000
178975280000
179025280000
179075280000
179125279000
179175279000
179225279000
179275279000
179325280000
179375280000
179425280000
179475280000
179525279000
179575280000
179625279000
179675279000
179725279000
179775279000
179825280000
179875280000
179925279000
179975279000
180025279000
180075279000
180125279000
180175279000
180225279000
180275279000
180325280000
180375280000
180425279000
180475279000
180525279000
180575279000
180625279000
180675279000
180725279000
180775279000
180825279000
180875279000
180925279000
180975279000
181025279000
181075279000
181125279000
181175279000
181225279000
181275279000
181325279000
181375279000
181425279000
181475279000
181525279000
181575279000
181625279000
181675279000
181725279000
181775279000
181825279000
181875279000
181925279000
181975279000
182025279000
182075279000
182125279000
182175279000
182225279000
182275279000
182325279000
182375279000
182425279000
182475279000
182525279000
182575279000
182625279000
182675279000
182725278000
182775279000
182825279000
182875279000
182925279000
182975279000
183025278000
183075279000
183125278000
183175278000
183225279000
183275279000
183325279000
183375279000
183425279000
183475279000
183525279000
183575278000
183625278000
183675278000
183725278000
183775278000
183825279000
183875278000
183925278000
183975279000
184025278000
184075278000
184125278000
184175278000
184225278000
184275278000
184325279000
184375278000
184425278000
184475278000
184525278000
184575278000
184625278000
184675278000
184725278000
184775278000
184825279000
184875278000
184925278000
184975278000
185025278000
185075278000
185125278000
185175278000
185225278000
185275278000
185325278000
185375278000
185425278000
185475278000
185525278000
185575278000
185625278000
185675278000
185725278000
185775278000
185825278000
185875278000
185925278000
185975278000
186025278000
186075278000
186125278000
186175278000
186225278000
186275278000
186325278000
186375278000
186425278000
186475278000
186525278000
186575278000
186625278000
186675278000
186725277000
186775278000
186825278000
186875278000
186925278000
186975278000
187025278000
187075278000
187125277000
187175277000
187225277000
187275277000
187325278000
187375278000
187425278000
187475278000
187525277000
187575277000
187625277000
187675277000
187725277000
187775277000
187825278000
187875278000
187925277000
187975277000
188025277000
188075277000
188125277000
188175277000
188225277000
188275277000
188325278000
188375277000
188425278000
188475277000
188525277000
188575278000
188625277000
188675277000
188725277000
188775277000
188825277000
188875277000
188925277000
188975277000
189025277000
189075277000
189125277000
189175277000
189225277000
189275277000
189325277000
189375277000
189425277000
189475277000
189525277000
189575277000
189625277000
189675277000
189725277000
189775277000
189825277000
189875277000
189925277000
189975277000
190025277000
190075277000
190125277000
190175277000
190225277000
190275277000
190325277000
190375277000
190425277000
190475277000
190525277000
190575277000
190625277000
190675277000
190725276000
190775277000
190825277000
190875277000
190925277000
190975277000
191025277000
191075277000
191125276000
191175276000
191225276000
191275276000
191325277000
191375277000
191425277000
191475277000
191525276000
191575277000
191625277000
191675276000
191725276000
191775276000
191825277000
191875276000
191925276000
191975276000
192025276000
192075276000
192125276000
192175276000
192225276000
192275276000
192325277000
192375277000
192425276000
192475276000
192525276000
192575276000
192625276000
192675276000
192725276000
192775276000
192825276000
192875276000
192925276000
192975276000
193025275000
193075275999
193125275000
193175274999
193225275000
193275275000
193325275000
193375275000
193425276000
193475275000
193525275000
193575275999
193625275000
193675274999
193725275000
193775275000
193825275000
193875275000
193925276000
193975276000
194025275000
194075275000
194125275000
194175275000
194225275000
194275275000
194325275000
194375275000
194425276000
194475275000
194525275000
194575275000
194625275000
194675275000
194725275000
194775275000
194825275000
194875275000
194925275000
194975275000
195025275000
195075275000
195125275000
195175275000
195225275000
195275275000
195325275000
195375275000
195425275000
195475275000
195525275000
195575275000
195625275000
195675275000
195725275000
195775275000
195825275000
195875275000
195925275000
195975275000
196025275000
196075275000
196125275000
196175275000
196225275000
196275275000
196325274000
196375275000
196425275000
196475275000
196525275000
196575275000
196625275000
196675274000
196725274000
196775274000
196825275000
196875275000
196925275000
196975275000
197025274000
197075275000
197125274000
197175274000
197225274000
197275274000
197325274000
197375274000
197425275000
197475274000
197525274000
197575274000
197625275000
197675274000
197725274000
197775274000
197825274000
197875274000
197925275000
197975274000
198025274000
198075274000
198125274000
198175274000
198225274000
198275274000
198325274000
198375274000
198425274000
198475274000
198525274000
198575274000
198625274000
198675274000
198725274000
198775274000
198825274000
198875274000
198925274000
198975274000
199025274000
199075274000
199125274000
199175274000
199225274000
199275274000
199325274000
199375274000
199425274000
199475274000
199525274000
199575274000
199625274000
199675274000
199725274000
199775274000
199825274000
199875274000
199925274000
199975274000
200025274000
200075274000
200125274000
200175274000
200225274000
200275274000
200325273000
200375273000
200425274000
200475274000
200525274000
200575274000
200625273000
200675274000
200725273000
200775274000
200825274000
200875273000
200925274000
200975273000
201025273000
201075273000
201125273000
201175273000
201225273000
201275273000
201325273000
201375273000
201425274000
201475273000
201525273000
201575273000
201625273000
201675274000
201725273000
201775273000
201825273000
201875273000
201925274000
201975273000
202025273000
202075273000
202125273000
202175273000
202225273000
202275273000
202325273000
202375273000
202425273000
202475273000
202525273000
202575273000
202625273000
202675273000
202725273000
202775273000
202825273000
202875273000
202925273000
202975273000
203025273000
203075273000
203125273000
203175273000
203225273000
203275273000
203325273000
203375273000
203425273000
203475273000
203525273000
203575273000
203625273000
203675273000
203725273000
203775273000
203825273000
203875273000
203925273000
203975273000
204025273000
204075273000
204125273000
204175273000
204225273000
204275273000
204325272000
204375272000
204425273000
204475273000
204525273000
204575273000
204625272000
204675272000
204725272000
204775273000
204825273000
204875272000
204925273000
204975272000
205025272000
205075273000
205125272000
205175272000
205225272000
205275273000
205325272000
205375272000
205425273000
205475272000
205525272000
205575273000
205625272000
205675272000
205725272000
205775272000
205825272000
205875272000
205925273000
205975272000
206025272000
206075272000
206125272000
206175272000
206225272000
206275272000
206325272000
206375272000
206425272000
206475272000
206525272000
206575272000
206625272000
206675272000
206725272000
206775272000
206825272000
206875272000
206925272000
206975272000
207025272000
207075272000
207125272000
207175272000
207225272000
207275272000
207325272000
207375272000
207425272000
207475272000
207525272000
207575272000
207625272000
207675272000
207725272000
207775272000
207825272000
207875272000
207925272000
207975272000
208025272000
208075272000
208125272000
208175272000
208225272000
208275272000
208325272000
208375271000
208425272000
208475272000
208525271000
208575272000
208625272000
208675271000
208725271000
208775271000
208825272000
208875271000
208925272000
208975272000
209025271000
209075272000
209125271000
209175271000
209225271000
209275271000
209325270999
209375271000
209425272000
209475271000
209525271000
209575270999
209625271000
209675271000
209725271000
209775271000
209825270999
209875271000
209925272000
209975271000
210025271000
210075270999
210125271000
210175271000
210225271000
210275271000
210325270999
210375271000
210425272000
210475271000
210525271000
210575270999
210625271000
210675271000
210725271000
210775271000
210825270999
210875271000
210925271000
210975271000
211025271000
211075270999
211125271000
211175271000
211225271000
211275271000
211325271000
211375271000
211425271000
211475271000
211525271000
211575271000
211625271000
211675271000
211725271000
211775271000
211825271000
211875271000
211925271000
211975271000
212025271000
212075271000
212125271000
212175271000
212225271000
212275271000
212325270000
212375271000
212425271000
212475271000
212525271000
212575271000
212625270000
212675270000
212725270000
212775270000
212825271000
212875270000
212925271000
212975271000
213025270000
213075271000
213125270000
213175270000
213225270000
213275270000
213325270000
213375270000
213425271000
213475270000
213525270000
213575271000
213625270000
213675270000
213725270000
213775270000
213825270000
213875270000
213925271000
213975270000
214025270000
214075270000
214125270000
214175270000
214225270000
214275270000
214325270000
214375270000
214425271000
214475270000
214525270000
214575270000
214625270000
214675270000
214725270000
214775270000
214825270000
214875270000
214925270000
214975270000
215025270000
215075270000
215125270000
215175270000
215225270000
215275270000
215325270000
215375270000
215425270000
215475270000
215525270000
215575270000
215625270000
215675270000
215725270000
215775270000
215825270000
215875270000
215925270000
215975270000
216025270000
216075270000
216125270000
216175270000
216225270000
216275270000
216325269000
216375269000
216425270000
216475270000
216525269000
216575270000
216625270000
216675270000
216725270000
216775269000
216825270000
216875269000
216925270000
216975269000
217025269000
217075269000
217125269000
217175270000
217225269000
217275270000
217325269000
217375269000
217425270000
217475269000
217525270000
217575269000
217625269000
217675269000
217725269000
217775269000
217825269000
217875269000
217925270000
217975269000
218025269000
218075269000
218125269000
218175269000
218225269000
218275269000
218325269000
218375269000
218425269000
218475269000
218525269000
218575269000
218625269000
218675269000
218725269000
218775269000
218825269000
218875269000
218925269000
218975269000
219025269000
219075269000
219125269000
219175269000
219225269000
219275269000
219325269000
219375269000
219425269000
219475269000
219525269000
219575269000
219625269000
219675269000
219725269000
219775269000
219825269000
219875269000
219925269000
219975269000
220025269000
220075269000
220125269000
220175269000
220225269000
220275269000
220325268000
220375268000
220425269000
220475269000
220525268000
220575269000
220625269000
220675268000
220725268000
220775268000
220825269000
220875268000
220925269000
220975269000
221025268000
221075269000
221125268000
221175268000
221225268000
221275268000
221325269000
221375268000
221425269000
221475268000
221525268000
221575268000
221625268000
221675268000
221725268000
221775268000
221825268000
221875268000
221925269000
221975268000
222025268000
222075268000
222125268000
222175268000
222225268000
222275268000
222325268000
222375268000
222425268000
222475268000
222525268000
222575268000
222625268000
222675268000
222725268000
222775268000
222825268000
222875268000
222925269000
222975268000
223025268000
223075268000
223125268000
223175268000
223225268000
223275268000
223325268000
223375268000
223425268000
223475268000
223525268000
223575268000
223625268000
223675268000
223725268000
223775268000
223825268000
223875268000
223925268000
223975268000
224025268000
224075268000
224125268000
224175268000
224225268000
224275268000
224325267000
224375268000
224425268000
224475268000
224525267000
224575268000
224625268000
224675268000
224725267000
224775267000
224825269000
224875267000
224925268000
224975267000
225025267000
225075267000
225125268000
225175267000
225225267000
225275267000
225325267000
225375267000
225425268000
225475267000
225525267000
225575268000
225625267000
225675267000
225725267000
225775267000
225825267000
225875267000
225925268000
225975267000
226025267000
226075267000
226125267000
226175267000
226225267000
226275267000
226325267000
226375267000
226425267000
226475267000
226525267000
226575267000
226625267000
226675267000
226725267000
226775267000
226825267000
226875267000
226925267000
226975267000
227025267000
227075267000
227125267000
227175267000
227225267000
227275267000
227325267000
227375267000
227425267000
227475267000
227525267000
227575267000
227625267000
227675267000
227725267000
227775267000
227825267000
227875267000
227925267000
227975267000
228025267000
228075267000
228125267000
228175267000
228225267000
228275267000
228325266000
228375266000
228425267000
228475267000
228525266000
228575267000
228625267000
228675267000
228725266000
228775266000
228825266000
228875267000
228925267000
228975267000
229025266000
229075266000
229125266000
229175266000
229225266000
229275266000
229325266000
229375266000
229425267000
229475266000
229525266000
229575266000
229625266000
229675266000
229725266000
229775267000
229825266000
229875266000
229925267000
229975266000
230025266000
230075266000
230125266000
230175266000
230225266000
230275266000
230325266000
230375266000
230425266000
230475266000
230525266000
230575266000
230625266000
230675266000
230725266000
230775266000
230825266000
230875266000
230925266000
230975266000
231025266000
231075266000
231125266000
231175266000
231225266000
231275266000
231325266000
231375266000
231425266000
231475266000
231525266000
231575266000
231625266000
231675266000
231725266000
231775266000
231825266000
231875266000
231925266000
231975266000
232025266000
232075266000
232125266000
232175266000
232225266000
232275266000
232325265000
232375265000
232425266000
232475266000
232525265000
232575266000
232625266000
232675265000
232725265000
232775265000
232825265000
232875266000
232925266000
232975266000
233025265000
233075265000
233125265000
233175265000
233225265000
233275265000
233325265000
233375265000
233425266000
233475265000
233525265000
233575265000
233625265000
233675265000
233725265000
233775265000
233825265000
233875265000
233925266000
233975265000
234025265000
234075265000
234125265000
234175265000
234225265000
234275265000
234325265000
234375265000
234425266000
234475265000
234525265000
234575265000
234625265000
234675265000
234725265000
234775265000
234825265000
234875265000
234925265000
234975265000
235025265000
235075265000
235125265000
235175265000
235225265000
235275265000
235325265000
235375265000
235425265000
235475265000
235525265000
235575265000
235625265000
235675265000
235725265000
235775265000
235825265000
235875265000
235925265000
235975265000
236025265000
236075265000
236125265000
236175265000
236225265000
236275265000
236325264000
236375264000
236425265000
236475265000
236525265000
236575265000
236625265000
236675265000
236725265000
236775265000
236825264000
236875265000
236925265000
236975264000
237025264000
237075265000
237125264000
237175264000
237225264000
237275264000
237325264000
237375264000
237425265000
237475265000
237525264000
237575264000
237625264000
237675264000
237725264000
237775264000
237825264000
237875264000
237925265000
237975264000
238025264000
238075264000
238125264000
238175265000
238225264000
238275264000
238325264000
238375264000
238425265000
238475264000
238525264000
238575264000
238625264000
238675264000
238725264000
238775264000
238825264000
238875264000
238925264000
238975264000
239025264000
239075264000
239125264000
239175264000
239225264000
239275264000
239325264000
239375264000
239425264000
239475264000
239525264000
239575264000
239625264000
239675264000
239725264000
239775264000
239825264000
239875264000
239925264000
239975264000
240025264000
240075264000
240125264000
240175264000
240225264000
240275264000
240325263000
240375263000
240425264000
240475264000
240525264000
240575264000
240625264000
240675263000
240725263000
240775263000
240825262999
240875264000
240925264000
240975264000
241025263000
241075262999
241125263000
241175263000
241225263000
241275263000
241325262999
241375263000
241425264000
241475263000
241525263000
241575262999
241625263000
241675263000
241725263000
241775263000
241825262999
241875264000
241925264000
241975263000
242025263000
242075262999
242125263000
242175263000
242225263000
242275263000
242325262999
242375263000
242425263000
242475263000
242525263000
242575262999
242625263000
242675263000
242725263000
242775263000
242825262999
242875263000
242925263000
242975263000
243025263000
243075262999
243125263000
243175263000
243225263000
243275263000
243325262999
243375263000
243425263000
243475263000
243525263000
243575262999
243625263000
243675263000
243725263000
243775263000
243825262999
243875263000
243925263000
243975263000
244025263000
244075262999
244125263000
244175263000
244225263000
244275263000
244325262999
244375261999
244425263000
244475263000
244525262000
244575262999
244625263000
244675262000
244725262000
244775262000
244825262000
244875263000
244925263000
244975263000
245025262000
245075262999
245125261999
245175262000
245225262000
245275262000
245325262000
245375261999
245425263000
245475262000
245525262000
245575262000
245625262000
245675262000
245725262000
245775262000
245825262000
245875262000
245925263000
245975262000
246025262000
246075262000
246125262000
246175262000
246225262000
246275262000
246325262000
246375262000
246425262000
246475262000
246525262000
246575262000
246625262000
246675262000
246725262000
246775262000
246825262000
246875262000
246925263000
246975262000
247025262000
247075262000
247125262000
247175262000
247225262000
247275262000
247325262000
247375262000
247425262000
247475262000
247525262000
247575262000
247625262000
247675262000
247725262000
247775262000
247825262000
247875262000
247925262000
247975262000
248025262000
248075262000
248125262000
248175262000
248225262000
248275262000
248325261000
248375261000
248425262000
248475262000
248525262000
248575262000
248625261000
248675261000
248725261000
248775261000
248825261000
248875262000
248925262000
248975262000
249025261000
249075261000
249125261000
249175261000
249225261000
249275262000
249325261000
249375261000
249425262000
249475261000
249525261000
249575261000
249625261000
249675262000
249725261000
249775261000
249825261000
249875261000
249925262000
249975261000
250025261000
250075261000
250125261000
250175261000
250225261000
250275261000
250325261000
250375261000
250425262000
250475261000
250525261000
250575261000
250625261000
250675261000
250725261000
250775261000
250825261000
250875261000
250925261000
250975261000
251025261000
251075261000
251125261000
251175261000
251225261000
251275261000
251325261000
251375261000
251425261000
251475261000
251525261000
251575261000
251625261000
251675261000
251725261000
251775261000
251825261000
251875261000
251925261000
251975261000
252025261000
252075261000
252125261000
252175261000
252225261000
252275261000
252325260000
252375260000
252425261000
252475261000
252525260000
252575261000
252625261000
252675260000
252725261000
252775261000
252825260000
252875261000
252925261000
252975261000
253025260000
253075260000
253125260000
253175260000
253225260000
253275260000
253325260000
253375260000
253425261000
253475261000
253525260000
253575260000
253625261000
253675260000
253725260000
253775260000
253825260000
253875260000
253925261000
253975260000
254025260000
254075260000
254125260000
254175260000
254225260000
254275260000
254325260000
254375260000
254425261000
254475260000
254525260000
254575260000
254625260000
254675260000
254725260000
254775260000
254825260000
254875260000
254925261000
254975260000
255025260000
255075260000
255125260000
255175260000
255225260000
255275260000
255325260000
255375260000
255425260000
255475260000
255525260000
255575260000
255625260000
255675260000
255725260000
255775260000
255825260000
255875260000
255925260000
255975260000
256025260000
256075260000
256125260000
256175260000
256225260000
256275260000
256325259000
256375259000
256425260000
256475260000
256525260000
256575260000
256625260000
256675259000
256725259000
256775259000
256825259000
256875260000
256925260000
256975260000
257025259000
257075259000
257125259000
257175259000
257225259000
257275260000
257325259000
257375259000
257425260000
257475259000
257525259000
257575260000
257625259000
257675259000
257725259000
257775259000
257825259000
257875259000
257925260000
257975259000
258025259000
258075259000
258125259000
258175259000
258225259000
258275259000
258325259000
258375259000
258425259000
258475259000
258525259000
258575259000
258625259000
258675259000
258725259000
258775259000
258825259000
258875259000
258925259000
258975259000
259025259000
259075259000
259125259000
259175259000
259225259000
259275259000
259325259000
259375259000
259425259000
259475259000
259525259000
259575259000
259625259000
259675259000
259725259000
259775259000
259825259000
259875259000
259925259000
259975259000
260025259000
260075259000
260125259000
260175259000
260225259000
260275259000
260325259000
260375258000
260425259000
260475259000
260525259000
260575259000
260625258000
260675258000
260725258000
260775258000
260825258000
260875259000
260925259000
260975259000
261025258000
261075258000
261125259000
261175259000
261225258000
261275258000
261325258000
261375258000
261425259000
261475258000
261525258000
261575258000
261625258000
261675258000
261725258000
261775258000
261825258000
261875258000
261925259000
261975258000
262025258000
262075258000
262125258000
262175258000
262225258000
262275258000
262325258000
262375258000
262425258000
262475258000
262525258000
262575258000
262625258000
262675258000
262725258000
262775258000
262825258000
262875258000
262925258000
262975258000
263025258000
263075258000
263125258000
263175258000
263225258000
263275258000
263325258000
263375258000
263425259000
263475258000
263525258000
263575258000
263625258000
263675258000
263725258000
263775258000
263825258000
263875258000
263925258000
263975258000
264025258000
264075258000
264125258000
264175258000
264225258000
264275258000
264325257000
264375257000
264425258000
264475258000
264525257000
264575258000
264625258000
264675258000
264725257000
264775257000
264825257000
264875258000
264925258000
264975258000
265025257000
265075258000
265125257000
265175257000
265225257000
265275258000
265325257000
265375257000
265425258000
265475257000
265525257000
265575257000
265625257000
265675257000
265725257000
265775257000
265825257000
265875258000
265925258000
265975257000
266025257000
266075257000
266125257000
266175257000
266225257000
266275257000
266325257000
266375257000
266425257000
266475258000
266525257000
266575257000
266625257000
266675257000
266725257000
266775257000
266825257000
266875257000
266925258000
266975257000
267025257000
267075257000
267125257000
267175257000
267225257000
267275257000
267325257000
267375257000
267425257000
267475257000
267525257000
267575257000
267625257000
267675257000
267725257000
267775257000
267825257000
267875257000
267925257000
267975257000
268025257000
268075257000
268125257000
268175257000
268225257000
268275257000
268325256000
268375256000
268425257000
268475257000
268525256000
268575257000
268625257000
268675256000
268725256000
268775257000
268825256000
268875257000
268925257000
268975257000
269025256000
269075257000
269125256000
269175256000
269225256000
269275256000
269325256000
269375256000
269425257000
269475256000
269525257000
269575256000
269625256000
269675256000
269725256000
269775256000
269825256000
269875256000
269925257000
269975256000
270025256000
270075256000
270125256000
270175256000
270225256000
270275256000
270325256000
270375256000
270425257000
270475256000
270525256000
270575256000
270625256000
270675256000
270725256000
270775256000
270825256000
270875256000
270925257000
270975256000
271025256000
271075256000
271125256000
271175256000
271225256000
271275256000
271325256000
271375256000
271425256000
271475256000
271525256000
271575256000
271625256000
271675256000
271725256000
271775256000
271825256000
271875256000
271925256000
271975256000
272025256000
272075256000
272125256000
272175256000
272225256000
272275256000
272325255000
272375256000
272425256000
272475256000
272525256000
272575256000
272625255000
272675255000
272725255000
272775255000
272825255000
272875256000
272925256000
272975256000
273025255000
273075256000
273125255000
273175255000
273225255000
273275255000
273325255000
273375256000
273425256000
273475255000
273525255000
273575255000
273625255000
273675255000
273725255000
273775255000
273825255000
273875255000
273925256000
273975255000
274025255000
274075255000
274125255000
274175255000
274225255000
274275255000
274325255000
274375255000
274425255000
274475255000
274525255000
274575255000
274625255000
274675255000
274725255000
274775255000
274825255000
274875255000
274925255000
274975255000
275025255000
275075255000
275125255000
275175255000
275225255000
275275255000
275325255000
275375255000
275425255000
275475255000
275525255000
275575255000
275625255000
275675255000
275725255000
275775255000
275825255000
275875255000
275925255000
275975255000
276025255000
276075255000
276125255000
276175255000
276225255000
276275255000
276325254000
276375255000
276425255000
276475255000
276525254000
276575255000
276625254000
276675254000
276725254000
276775255000
276825254000
276875254000
276925255000
276975255000
277025254000
277075254000
277125255000
277175254000
277225254000
277275254000
277325254000
277375254000
277425255000
277475254000
277525254000
277575254000
277625254000
277675254000
277725254000
277775254000
277825254000
277875254000
277925254000
277975254000
278025254000
278075254000
278125254000
278175254000
278225254000
278275254000
278325254000
278375254000
278425254000
278475254000
278525254000
278575254000
278625254000
278675254000
278725254000
278775254000
278825254000
278875254000
278925254000
278975254000
279025254000
279075254000
279125254000
279175254000
279225254000
279275254000
279325254000
279375254000
279425255000
279475254000
279525254000
279575254000
279625254000
279675254000
279725254000
279775254000
279825254000
279875254000
279925254000
279975254000
280025254000
280075254000
280125254000
280175254000
280225254000
280275254000
280325253000
280375253000
280425254000
280475254000
280525253000
280575254000
280625254000
280675253000
280725253000
280775254000
280825253000
280875253000
280925254000
280975254000
281025253000
281075254000
281125253000
281175253000
281225253000
281275253000
281325253000
281375253000
281425254000
281475253000
281525253000
281575253000
281625253000
281675253000
281725253000
281775253000
281825253000
281875253000
281925254000
281975253000
282025253000
282075253000
282125253000
282175253000
282225253000
282275253000
282325253000
282375253000
282425253000
282475253000
282525253000
282575253000
282625253000
282675253000
282725253000
282775253000
282825253000
282875253000
282925254000
282975253000
283025253000
283075253000
283125253000
283175253000
283225253000
283275253000
283325253000
283375253000
283425253000
283475253000
283525253000
283575253000
283625253000
283675253000
283725253000
283775253000
283825253000
283875253000
283925253000
283975253000
284025253000
284075253000
284125253000
284175253000
284225253000
284275253000
284325252000
284375252000
284425253000
284475253000
284525253000
284575253000
284625253000
284675253000
284725252000
284775253000
284825252000
284875252000
284925253000
284975253000
285025252000
285075253000
285125253000
285175252000
285225252000
285275252000
285325252000
285375252000
285425253000
285475252000
285525253000
285575252000
285625252000
285675252000
285725252000
285775252000
285825252000
285875252000
285925253000
285975252000
286025252000
286075252000
286125252000
286175252000
286225252000
286275252000
286325252000
286375252000
286425252000
286475252000
286525252000
286575252000
286625252000
286675252000
286725252000
286775252000
286825252000
286875252000
286925253000
286975252000
287025252000
287075252000
287125252000
287175252000
287225252000
287275252000
287325252000
287375252000
287425252000
287475252000
287525252000
287575252000
287625252000
287675252000
287725252000
287775252000
287825252000
287875252000
287925252000
287975252000
288025252000
288075252000
288125252000
288175252000
288225252000
288275252000
288325251000
288375251000
288425252000
288475252000
288525251000
288575252000
288625251000
288675251000
288725251000
288775251000
288825251000
288875251000
288925252000
288975252000
289025251000
289075251000
289125251000
289175251000
289225251000
289275251000
289325251000
289375251000
289425252000
289475251000
289525251000
289575252000
289625251000
289675251000
289725251000
289775251000
289825251000
289875251000
289925252000
289975251000
290025251000
290075251000
290125251000
290175251000
290225251000
290275251000
290325251000
290375251000
290425252000
290475251000
290525251000
290575251000
290625251000
290675251000
290725251000
290775251000
290825251000
290875251000
290925252000
290975251000
291025251000
291075251000
291125251000
291175251000
291225251000
291275251000
291325251000
291375251000
291425251000
291475251000
291525251000
291575251000
291625251000
291675251000
291725251000
291775251000
291825251000
291875251000
291925251000
291975251000
292025251000
292075251000
292125251000
292175251000
292225251000
292275251000
292325250000
292375250000
292425251000
292475251000
292525250000
292575251000
292625251000
292675250000
292725250000
292775250000
292825250000
292875250000
292925251000
292975251000
293025250000
293075250000
293125250000
293175251000
293225250000
293275251000
293325250000
293375250000
293425251000
293475250000
293525250000
293575250000
293625250000
293675250000
293725250000
293775250000
293825250000
293875250000
293925251000
293975251000
294025250000
294075250000
294125250000
294175250000
294225250000
294275250000
294325250000
294375250000
294425250000
294475250000
294525250000
294575250000
294625250000
294675250000
294725250000
294775250000
294825250000
294875250000
294925251000
294975250000
295025250000
295075250000
295125250000
295175250000
295225250000
295275250000
295325250000
295375250000
295425250000
295475250000
295525250000
295575250000
295625250000
295675250000
295725250000
295775250000
295825250000
295875250000
295925251000
295975250000
296025250000
296075250000
296125250000
296175250000
296225250000
296275250000
296325249000
296375249000
296425250000
296475250000
296525250000
296575250000
296625250000
296675249000
296725249000
296775249000
296825249000
296875249000
296925250000
296975250000
297025250000
297075249000
297125249000
297175249000
297225249000
297275249000
297325249000
297375249000
297425250000
297475249000
297525249000
297575249000
297625250000
297675249000
297725249000
297775250000
297825249000
297875249000
297925250000
297975249000
298025249000
298075249000
298125249000
298175249000
298225249000
298275249000
298325249000
298375249000
298425250000
298475249000
298525249000
298575249000
298625249000
298675249000
298725249000
298775249000
298825249000
298875249000
298925250000
298975249000
299025249000
299075249000
299125249000
299175249000
299225249000
299275249000
299325249000
299375249000
299425249000
299475249000
299525249000
299575249000
299625249000
299675249000
299725249000
299775249000
299825249000
299875249000
299925249000
299975249000
300025249000
300075249000
300125249000
300175249000
300225249000
300275249000
300325248000
300375249000
300425249000
300475249000
300525248000
300575249000
300625249000
300675249000
300725248000
300775249000
300825248000
300875248000
300925249000
300975249000
301025248000
301075249000
301125248000
301175248000
301225248000
301275248000
301325248000
301375248000
301425249000
301475248000
301525248000
301575249000
301625248000
301675248000
301725248000
301775248000
301825248000
301875248000
301925249000
301975248000
302025248000
302075248000
302125248000
302175248000
302225248000
302275248000
302325248000
302375248000
302425249000
302475248000
302525248000
302575248000
302625248000
302675248000
302725248000
302775248000
302825248000
302875248000
302925249000
302975248000
303025248000
303075248000
303125248000
303175248000
303225248000
303275248000
303325248000
303375248000
303425248000
303475248000
303525248000
303575248000
303625248000
303675248000
303725248000
303775248000
303825248000
303875248000
303925248000
303975248000
304025248000
304075248000
304125248000
304175248000
304225248000
304275248000
304325247000
304375247000
304425248000
304475248000
304525247000
304575248000
304625248000
304675247000
304725247000
304775247000
304825247000
304875247000
304925248000
304975248000
305025248000
305075247999
305125247000
305175246999
305225247000
305275247000
305325247000
305375247000
305425248000
305475248000
305525247000
305575247000
305625247000
305675246999
305725247000
305775247000
305825247000
305875247000
305925248000
305975247000
306025247000
306075247000
306125247000
306175246999
306225247000
306275247000
306325247000
306375247000
306425246999
306475247000
306525247000
306575247000
306625247000
306675246999
306725247000
306775247000
306825247000
306875247000
306925248000
306975247000
307025247000
307075247000
307125247000
307175246999
307225247000
307275247000
307325247000
307375247000
307425246999
307475247000
307525247000
307575247000
307625247000
307675246999
307725247000
307775247000
307825247000
307875247000
307925246999
307975247000
308025247000
308075247000
308125247000
308175246999
308225247000
308275247000
308325246000
308375246000
308425246999
308475247000
308525246000
308575247000
308625247000
308675246999
308725246000
308775247000
308825246000
308875246000
308925246999
308975247000
309025246000
309075246000
309125246000
309175245999
309225247000
309275246000
309325246000
309375246000
309425246999
309475246000
309525246000
309575246000
309625246000
309675245999
309725246000
309775246000
309825246000
309875246000
309925246999
309975247000
310025246000
310075246000
310125246000
310175245999
310225246000
310275246000
310325246000
310375246000
310425245999
310475246000
310525246000
310575246000
310625246000
310675245999
310725247000
310775246000
310825246000
310875246000
310925245999
310975246000
311025246000
311075246000
311125246000
311175245999
311225246000
311275246000
311325246000
311375246000
311425245999
311475246000
311525246000
311575246000
311625246000
311675245999
311725246000
311775246000
311825246000
311875246000
311925245999
311975246000
312025246000
312075246000
312125246000
312175245999
312225246000
312275246000
312325245000
312375245000
312425245999
312475246000
312525244999
312575246000
312625246000
312675245000
312725245000
312775244999
312825245000
312875245000
312925245999
312975246000
313025244999
313075246000
313125246000
313175245000
313225245000
313275244999
313325245000
313375245000
313425245999
313475245000
313525244999
313575245000
313625245000
313675245000
313725245000
313775246000
313825245000
313875245000
313925245999
313975245000
314025244999
314075245000
314125245000
314175245000
314225245000
314275245000
314325245000
314375245000
314425246000
314475245000
314525245000
314575245000
314625245000
314675245000
314725245000
314775245000
314825245000
314875245000
314925246000
314975245000
315025245000
315075245000
315125245000
315175245000
315225245000
315275245000
315325245000
315375245000
315425245000
315475245000
315525245000
315575245000
315625245000
315675245000
315725245000
315775245000
315825245000
315875245000
315925245000
315975245000
316025245000
316075245000
316125245000
316175245000
316225245000
316275245000
316325244000
316375244000
316425245000
316475245000
316525244000
316575245000
316625245000
316675244000
316725244000
316775244000
316825244000
316875245000
316925245000
316975245000
317025244000
317075245000
317125244000
317175244000
317225244000
317275244000
317325244000
317375244000
317425245000
317475244000
317525244000
317575245000
317625244000
317675244000
317725244000
317775244000
317825244000
317875244000
317925245000
317975244000
318025244000
318075244000
318125244000
318175244000
318225244000
318275244000
318325244000
318375244000
318425245000
318475244000
318525244000
318575244000
318625244000
318675244000
318725244000
318775244000
318825244000
318875244000
318925245000
318975244000
319025244000
319075244000
319125244000
319175244000
319225244000
319275244000
319325244000
319375244000
319425244000
319475244000
319525244000
319575244000
319625244000
319675244000
319725244000
319775244000
319825244000
319875244000
319925244000
319975244000
320025244000
320075244000
320125244000
320175244000
320225244000
320275244000
320325243000
320375243000
320425244000
320475244000
320525244000
320575244000
320625244000
320675244000
320725243000
320775244000
320825243000
320875243000
320925244000
320975244000
321025243000
321075244000
321125243000
321175243000
321225243000
321275243000
321325243000
321375243000
321425244000
321475244000
321525243000
321575243000
321625243000
321675243000
321725243000
321775243000
321825243000
321875243000
321925244000
321975243000
322025243000
322075243000
322125243000
322175243000
322225243000
322275243000
322325243000
322375243000
322425243000
322475243000
322525243000
322575243000
322625243000
322675243000
322725243000
322775243000
322825243000
322875243000
322925244000
322975243000
323025243000
323075243000
323125243000
323175243000
323225243000
323275243000
323325243000
323375243000
323425243000
323475243000
323525243000
323575243000
323625243000
323675243000
323725243000
323775243000
323825243000
323875243000
323925243000
323975243000
324025243000
324075243000
324125243000
324175243000
324225243000
324275243000
324325242000
324375242000
324425243000
324475243000
324525242000
324575243000
324625243000
324675243000
324725242000
324775243000
324825242000
324875242000
324925243000
324975243000
325025243000
325075243000
325125242000
325175242000
325225242000
325275242000
325325243000
325375242000
325425243000
325475242000
325525242000
325575242000
325625242000
325675242000
325725242000
325775242000
325825242000
325875242000
325925243000
325975242000
326025242000
326075243000
326125242000
326175242000
326225242000
326275242000
326325242000
326375242000
326425242000
326475242000
326525242000
326575242000
326625242000
326675242000
326725242000
326775242000
326825242000
326875242000
326925242000
326975242000
327025242000
327075242000
327125242000
327175242000
327225242000
327275242000
327325242000
327375242000
327425242000
327475242000
327525242000
327575242000
327625242000
327675242000
327725242000
327775242000
327825242000
327875242000
327925242000
327975242000
328025242000
328075242000
328125242000
328175242000
328225242000
328275242000
328325241000
328375242000
328425242000
328475242000
328525241000
328575242000
328625242000
328675241000
328725241000
328775241000
328825241000
328875241000
328925242000
328975242000
329025242000
329075241000
329125241000
329175241000
329225241000
329275241000
329325241000
329375241000
329425242000
329475241000
329525241000
329575241000
329625241000
329675241000
329725241000
329775241000
329825241000
329875241000
329925242000
329975241000
330025241000
330075241000
330125241000
330175241000
330225241000
330275241000
330325241000
330375241000
330425241000
330475241000
330525241000
330575241000
330625241000
330675241000
330725241000
330775241000
330825241000
330875241000
330925241000
330975241000
331025241000
331075241000
331125241000
331175241000
331225241000
331275241000
331325241000
331375241000
331425241000
331475241000
331525241000
331575241000
331625241000
331675241000
331725241000
331775241000
331825241000
331875241000
331925241000
331975241000
332025241000
332075241000
332125241000
332175241000
332225241000
332275241000
332325240000
332375240000
332425241000
332475241000
332525241000
332575241000
332625240000
332675240000
332725240000
332775240000
332825240000
332875240000
332925241000
332975241000
333025241000
333075241000
333125240000
333175240000
333225240000
333275240000
333325240000
333375240000
333425241000
333475240000
333525240000
333575240000
333625240000
333675240000
333725241000
333775240000
333825240000
333875240000
333925241000
333975241000
334025240000
334075240000
334125240000
334175240000
334225240000
334275240000
334325240000
334375240000
334425240000
334475241000
334525240000
334575240000
334625240000
334675240000
334725240000
334775240000
334825240000
334875240000
334925240000
334975240000
335025240000
335075240000
335125240000
335175240000
335225240000
335275240000
335325240000
335375240000
335425240000
335475240000
335525240000
335575240000
335625240000
335675240000
335725240000
335775240000
335825240000
335875240000
335925240000
335975240000
336025240000
336075240000
336125240000
336175240000
336225240000
336275240000
336325239000
336375239000
336425240000
336475240000
336525239000
336575240000
336625239000
336675240000
336725239000
336775240000
336825239000
336875239000
336925240000
336975240000
337025240000
337075239000
337125239000
337175239000
337225239000
337275239000
337325239000
337375239000
337425240000
337475239000
337525239000
337575240000
337625239000
337675239000
337725239000
337775239000
337825239000
337875239000
337925240000
337975239000
338025239000
338075239000
338125239000
338175239000
338225239000
338275239000
338325239000
338375239000
338425239000
338475239000
338525239000
338575239000
338625239000
338675239000
338725239000
338775239000
338825239000
338875239000
338925239000
338975239000
339025239000
339075239000
339125239000
339175239000
339225239000
339275239000
339325239000
339375239000
339425239000
339475239000
339525239000
339575239000
339625239000
339675239000
339725239000
339775239000
339825239000
339875239000
339925239000
339975239000
340025239000
340075239000
340125239000
340175239000
340225239000
340275239000
340325238000
340375238000
340425239000
340475239000
340525239000
340575239000
340625239000
340675238000
340725238000
340775239000
340825238000
340875238000
340925239000
340975239000
341025239000
341075238000
341125238000
341175238000
341225238000
341275238000
341325238000
341375238000
341425239000
341475239000
341525238000
341575238000
341625238000
341675238000
341725238000
341775238000
341825238000
341875238000
341925239000
341975239000
342025238000
342075238000
342125238000
342175238000
342225238000
342275238000
342325238000
342375238000
342425239000
342475238000
342525238000
342575238000
342625238000
342675238000
342725238000
342775238000
342825238000
342875238000
342925238000
342975238000
343025238000
343075238000
343125238000
343175238000
343225238000
343275238000
343325238000
343375238000
343425238000
343475238000
343525238000
343575238000
343625238000
343675238000
343725238000
343775238000
343825238000
343875238000
343925238000
343975238000
344025238000
344075238000
344125238000
344175238000
344225238000
344275238000
344325237000
344375237000
344425238000
344475238000
344525237000
344575238000
344625237000
344675237000
344725237000
344775237000
344825237000
344875237000
344925238000
344975238000
345025238000
345075238000
345125237000
345175237000
345225237000
345275238000
345325237000
345375237000
345425238000
345475237000
345525237000
345575237000
345625237000
345675237000
345725237000
345775237000
345825237000
345875237000
345925238000
345975238000
346025237000
346075237000
346125237000
346175237000
346225237000
346275237000
346325237000
346375237000
346425237000
346475237000
346525237000
346575237000
346625237000
346675237000
346725237000
346775237000
346825237000
346875237000
346925237000
346975237000
347025237000
347075237000
347125237000
347175237000
347225237000
347275237000
347325237000
347375237000
347425237000
347475237000
347525237000
347575237000
347625237000
347675237000
347725237000
347775237000
347825237000
347875237000
347925237000
347975237000
348025237000
348075237000
348125237000
348175237000
348225237000
348275237000
348325236000
348375236000
348425237000
348475237000
348525236000
348575237000
348625236000
348675236000
348725236000
348775236000
348825236000
348875236000
348925237000
348975237000
349025237000
349075237000
349125236000
349175236000
349225236000
349275236000
349325236000
349375236000
349425237000
349475236000
349525236000
349575237000
349625237000
349675236000
349725236000
349775237000
349825236000
349875236000
349925237000
349975237000
350025236000
350075236000
350125236000
350175236000
350225236000
350275236000
350325236000
350375236000
350425236000
350475236000
350525237000
350575236000
350625236000
350675236000
350725236000
350775236000
350825236000
350875236000
350925236000
350975236000
351025236000
351075236000
351125236000
351175236000
351225236000
351275236000
351325236000
351375236000
351425236000
351475236000
351525236000
351575236000
351625236000
351675236000
351725236000
351775236000
351825236000
351875236000
351925236000
351975236000
352025236000
352075236000
352125236000
352175236000
352225236000
352275236000
352325235000
352375235000
352425236000
352475236000
352525235000
352575236000
352625235000
352675236000
352725235000
352775236000
352825235000
352875236000
352925236000
352975236000
353025236000
353075235000
353125235000
353175235000
353225235000
353275235000
353325235000
353375235000
353425236000
353475235000
353525235000
353575235000
353625235000
353675235000
353725235000
353775235000
353825235000
353875235000
353925236000
353975235000
354025235000
354075235000
354125235000
354175235000
354225235000
354275235000
354325235000
354375235000
354425235000
354475235000
354525235000
354575235000
354625235000
354675235000
354725235000
354775235000
354825235000
354875235000
354925235000
354975235000
355025235000
355075235000
355125235000
355175235000
355225235000
355275235000
355325235000
355375235000
355425235000
355475235000
355525235000
355575235000
355625235000
355675235000
355725235000
355775235000
355825235000
355875235000
355925235000
355975235000
356025235000
356075235000
356125235000
356175235000
356225235000
356275235000
356325234000
356375234000
356425235000
356475235000
356525235000
356575235000
356625234000
356675235000
356725234000
356775234000
356825234000
356875234000
356925235000
356975235000
357025235000
357075234000
357125234000
357175234000
357225234000
357275234000
357325234000
357375234000
357425235000
357475234000
357525234000
357575234000
357625234000
357675234000
357725234000
357775234000
357825234000
357875234000
357925235000
357975235000
358025234000
358075234000
358125234000
358175234000
358225234000
358275234000
358325234000
358375234000
358425234000
358475234000
358525234000
358575234000
358625234000
358675234000
358725234000
358775234000
358825234000
358875234000
358925234000
358975234000
359025234000
359075234000
359125234000
359175234000
359225234000
359275234000
359325234000
359375234000
359425234000
359475234000
359525234000
359575234000
359625234000
359675234000
359725234000
359775234000
359825234000
359875234000
359925234000
359975234000
360025234000
360075234000
360125234000
360175234000
360225234000
360275234000
360325233000
360375233000
360425234000
360475234000
360525234000
360575234000
360625233000
360675233000
360725233000
360775234000
360825233000
360875233000
360925234000
360975234000
361025234000
361075233000
361125233000
361175233000
361225233000
361275234000
361325233000
361375233000
361425234000
361475233000
361525233000
361575234000
361625233000
361675233000
361725233000
361775233000
361825233000
361875233000
361925234000
361975234000
362025233000
362075234000
362125233000
362175233000
362225233000
362275233000
362325233000
362375233000
362425234000
362475233000
362525233000
362575233000
362625233000
362675233000
362725233000
362775233000
362825233000
362875233000
362925233000
362975233000
363025233000
363075233000
363125233000
363175233000
363225233000
363275233000
363325233000
363375233000
363425233000
363475233000
363525233000
363575233000
363625233000
363675233000
363725233000
363775233000
363825233000
363875233000
363925233000
363975233000
364025233000
364075233000
364125232000
364175233000
364225233000
364275233000
364325232000
364375233000
364425233000
364475233000
364525232000
364575233000
364625232000
364675232000
364725232000
364775232000
364825232000
364875232000
364925233000
364975233000
365025233000
365075232000
365125232000
365175233000
365225232000
365275233000
365325232000
365375232000
365425233000
365475232000
365525233000
365575232000
365625232000
365675232000
365725232000
365775232000
365825232000
365875232000
365925233000
365975233000
366025232000
366075232000
366125232000
366175232000
366225232000
366275232000
366325232000
366375232000
366425232000
366475232000
366525232000
366575232000
366625232000
366675232000
366725232000
366775232000
366825232000
366875232000
366925232000
366975232000
367025232000
367075232000
367125232000
367175232000
367225232000
367275232000
367325232000
367375232000
367425232000
367475232000
367525232000
367575232000
367625232000
367675232000
367725232000
367775232000
367825232000
367875232000
367925232000
367975232000
368025232000
368075232000
368125232000
368175232000
368225232000
368275232000
368325231000
368375231000
368425232000
368475232000
368525232000
368575232000
368625231000
368675231000
368725231000
368775232000
368825231000
368875231000
368925232000
368975232000
369025232000
369075231000
369125231000
369175231000
369225231000
369275231000
369325231000
369375231000
369425232000
369475231000
369525231000
369575231000
369625231000
369675231000
