1 -1.000 0.000 0.010 0.000
3 -1.000 0.000 0.113 0.000
5 -1.000 0.000 0.237 0.000
7 -1.000 0.000 0.351 0.000
9 -1.000 0.000 0.474 0.000
10 -1.000 0.000 0.598 0.000
12 -1.000 0.000 0.691 0.000
14 -1.000 0.000 0.763 0.000
16 -1.000 0.000 0.784 0.000
19 -1.000 0.000 0.732 0.000
21 -1.000 0.000 0.649 0.000
23 -1.000 0.000 0.546 0.000
25 -1.000 0.000 0.392 0.000
27 -1.000 0.000 0.237 0.000
28 -1.000 0.000 0.021 0.000
30 -1.000 0.000 -0.010 0.000
32 -1.000 0.000 0.000 0.000
161 -1.000 0.000 -0.124 0.000
163 -1.000 0.000 -0.289 0.000
165 -1.000 0.000 -0.443 0.000
166 -1.000 0.000 -0.557 0.000
168 -1.000 0.000 -0.639 0.000
170 -1.000 0.000 -0.670 0.000
172 -1.000 0.000 -0.639 0.000
174 -1.000 0.000 -0.546 0.000
175 -1.000 0.000 -0.392 0.000
177 -1.000 0.000 0.000 0.000
179 -1.000 0.000 0.155 0.000
181 -1.000 0.000 -0.175 0.000
183 -1.000 0.000 0.041 0.000
184 -1.000 0.000 0.000 0.000
283 -1.000 0.021 0.000 0.000
285 -1.000 0.093 0.000 0.000
287 -1.000 0.186 0.000 0.000
288 -1.000 0.278 0.000 0.000
290 -1.000 0.381 0.000 0.000
292 -1.000 0.495 0.000 0.000
294 -1.000 0.588 0.000 0.000
296 -1.000 0.660 0.000 0.000
297 -1.000 0.722 0.000 0.000
299 -1.000 0.773 0.000 0.000
301 -1.000 0.804 0.000 0.000
303 -1.000 0.814 0.000 0.000
308 -1.000 0.732 0.000 0.000
310 -1.000 0.660 0.000 0.000
311 -1.000 0.546 0.000 0.000
313 -1.000 0.412 0.000 0.000
315 -1.000 0.268 0.000 0.000
317 -1.000 0.113 0.000 0.000
319 -1.000 0.000 0.000 0.000
710 -1.000 0.000 0.000 -0.010
712 -1.000 0.000 0.000 -0.062
714 -1.000 0.000 0.000 -0.082
716 -1.000 0.000 0.000 -0.103
719 -1.000 0.000 0.000 -0.134
723 -1.000 0.000 0.000 -0.155
725 -1.000 0.000 0.000 -0.134
728 -0.990 0.000 0.000 -0.134
729 -0.990 0.000 0.000 -0.113
730 -0.845 0.000 0.000 -0.113
732 -0.670 0.000 0.000 -0.113
733 -0.670 0.000 0.000 -0.082
734 -0.474 0.000 0.000 -0.082
736 -0.268 0.000 0.000 -0.082
737 -0.268 0.000 0.000 -0.062
738 -0.062 0.000 0.000 -0.062
739 0.000 0.000 0.000 -0.062
743 0.000 0.000 0.000 -0.031
745 0.000 0.000 0.000 0.000
746 -0.134 0.000 0.000 0.000
748 -0.320 0.000 0.000 0.000
750 -0.515 0.000 0.000 0.000
752 -0.732 0.000 0.000 0.000
753 -0.948 0.000 0.000 0.000
755 -1.000 0.000 0.000 0.000
757 -1.000 0.000 0.000 0.021
761 -1.000 0.000 0.000 0.052
763 -1.000 0.000 0.000 0.082
766 -1.000 0.000 0.000 0.062
768 -1.000 0.000 0.000 0.010
770 -1.000 0.000 0.000 0.000
1845 -0.969 0.000 0.000 0.000
1846 -0.918 0.000 0.000 0.000
1848 -0.866 0.000 0.000 0.000
1850 -0.804 0.000 0.000 0.000
1852 -0.753 0.000 0.000 0.000
1854 -0.711 0.000 0.000 0.000
1855 -0.670 0.000 0.000 0.000
1857 -0.650 0.000 0.000 0.000
1859 -0.629 0.000 0.000 0.000
1861 -0.608 0.000 0.000 0.000
1873 -0.588 0.000 0.000 0.000
1879 -0.567 0.000 0.000 0.000
1882 -0.567 -0.010 0.000 0.000
1884 -0.567 -0.031 0.000 0.000
1886 -0.567 -0.072 0.000 0.000
1888 -0.567 -0.103 0.000 0.000
1890 -0.567 -0.124 0.000 0.000
1891 -0.567 -0.175 0.000 0.000
1893 -0.567 -0.217 0.000 0.000
1895 -0.567 -0.268 0.000 0.000
1897 -0.567 -0.309 0.000 0.000
1899 -0.567 -0.340 0.000 0.000
1900 -0.567 -0.371 0.000 0.000
1902 -0.567 -0.392 0.000 0.000
1913 -0.567 -0.402 0.000 0.000
1925 -0.567 -0.402 0.031 0.000
1929 -0.567 -0.402 0.052 0.000
1933 -0.567 -0.412 0.052 0.000
1934 -0.567 -0.412 0.082 0.000
1936 -0.567 -0.433 0.082 0.000
1940 -0.567 -0.454 0.082 0.000
1943 -0.567 -0.474 0.082 0.000
1947 -0.567 -0.495 0.082 0.000
1949 -0.567 -0.515 0.082 0.000
1950 -0.567 -0.515 0.062 0.000
1958 -0.567 -0.526 0.062 0.000
1967 -0.567 -0.526 0.082 0.000
1972 -0.567 -0.505 0.082 0.000
1974 -0.567 -0.495 0.082 0.000
1975 -0.567 -0.495 0.113 0.000
1976 -0.567 -0.474 0.113 0.000
1977 -0.567 -0.474 0.134 0.000
1978 -0.567 -0.443 0.134 0.000
1979 -0.567 -0.443 0.155 0.000
1980 -0.567 -0.412 0.155 0.000
1981 -0.567 -0.412 0.175 0.000
1982 -0.567 -0.381 0.175 0.000
1983 -0.567 -0.381 0.196 0.000
1984 -0.567 -0.361 0.196 0.000
1985 -0.567 -0.330 0.196 0.000
1986 -0.567 -0.330 0.216 0.000
1988 -0.567 -0.330 0.227 0.000
1990 -0.567 -0.309 0.227 0.000
1991 -0.567 -0.309 0.247 0.000
1995 -0.567 -0.289 0.247 0.000
1997 -0.557 -0.289 0.247 0.000
1998 -0.557 -0.268 0.247 0.000
1999 -0.557 -0.268 0.268 0.000
2001 -0.557 -0.247 0.268 0.000
2006 -0.536 -0.247 0.268 0.000
2007 -0.536 -0.227 0.268 0.000
2008 -0.536 -0.227 0.278 0.000
2017 -0.536 -0.217 0.278 0.000
2019 -0.536 -0.196 0.278 0.000
2022 -0.526 -0.196 0.278 0.000
2023 -0.526 -0.175 0.278 0.000
2026 -0.526 -0.175 0.289 0.000
2030 -0.526 -0.155 0.289 0.000
2033 -0.515 -0.155 0.289 0.000
2034 -0.515 -0.155 0.278 0.000
2038 -0.515 -0.155 0.258 0.000
2040 -0.505 -0.155 0.258 0.000
2042 -0.474 -0.155 0.258 0.000
2044 -0.474 -0.144 0.258 0.000
2046 -0.454 -0.144 0.258 0.000
2049 -0.454 -0.144 0.247 0.000
2053 -0.433 -0.144 0.247 0.000
2054 -0.433 -0.124 0.247 0.000
2064 -0.412 -0.124 0.247 0.000
2067 -0.392 -0.124 0.247 0.000
2076 -0.371 -0.124 0.247 0.000
2080 -0.371 -0.124 0.237 0.000
2081 -0.371 -0.124 0.216 0.000
2083 -0.371 -0.103 0.216 0.000
2087 -0.371 -0.072 0.216 0.000
2089 -0.371 -0.052 0.216 0.000
2090 -0.371 -0.052 0.216 0.010
2092 -0.361 -0.052 0.216 0.010
2093 -0.361 -0.052 0.196 0.010
2094 -0.361 -0.031 0.196 0.010
2095 -0.361 -0.031 0.196 0.021
2096 -0.361 -0.031 0.196 0.041
2098 -0.371 -0.031 0.196 0.041
2099 -0.371 -0.031 0.196 0.052
2101 -0.371 -0.031 0.196 0.072
2103 -0.371 -0.031 0.196 0.093
2105 -0.392 -0.031 0.196 0.093
2107 -0.392 -0.031 0.196 0.113
2108 -0.412 -0.031 0.196 0.113
2109 -0.412 -0.031 0.196 0.144
2110 -0.423 -0.031 0.196 0.144
2112 -0.423 -0.031 0.196 0.165
2114 -0.443 -0.031 0.196 0.165
2115 -0.443 -0.031 0.196 0.186
2116 -0.454 -0.031 0.196 0.186
2117 -0.454 -0.031 0.196 0.206
2118 -0.454 -0.031 0.186 0.206
2119 -0.454 -0.031 0.186 0.216
2120 -0.464 -0.031 0.186 0.216
2121 -0.474 -0.031 0.186 0.216
2122 -0.474 -0.031 0.186 0.227
2126 -0.474 -0.031 0.186 0.247
2134 -0.474 -0.031 0.175 0.247
2143 -0.474 -0.021 0.175 0.247
2146 -0.474 0.000 0.175 0.247
2150 -0.474 0.000 0.175 0.258
2152 -0.485 0.000 0.175 0.258
2153 -0.485 0.000 0.175 0.268
2154 -0.485 0.000 0.165 0.268
2155 -0.485 0.000 0.165 0.278
2156 -0.495 0.000 0.165 0.278
2157 -0.505 0.000 0.165 0.278
2158 -0.505 0.000 0.165 0.289
2159 -0.505 0.000 0.165 0.299
2161 -0.515 0.000 0.165 0.299
2162 -0.515 0.000 0.165 0.320
2164 -0.526 0.000 0.165 0.320
2165 -0.526 0.000 0.165 0.340
2168 -0.546 0.000 0.165 0.340
2169 -0.546 0.000 0.165 0.361
2173 -0.546 0.000 0.155 0.361
2180 -0.546 0.000 0.134 0.361
2187 -0.557 0.000 0.134 0.361
2191 -0.557 0.000 0.134 0.340
2195 -0.577 0.000 0.134 0.340
2197 -0.577 0.000 0.134 0.330
2202 -0.577 0.000 0.124 0.330
2203 -0.577 0.000 0.124 0.309
2209 -0.577 0.000 0.124 0.299
2211 -0.577 0.000 0.124 0.289
2215 -0.588 0.000 0.124 0.289
2216 -0.588 0.000 0.113 0.289
2218 -0.588 0.000 0.113 0.278
2220 -0.588 0.041 0.113 0.278
2222 -0.588 0.062 0.113 0.278
2223 -0.588 0.093 0.113 0.278
2225 -0.588 0.113 0.113 0.278
2227 -0.588 0.134 0.113 0.278
2229 -0.588 0.155 0.113 0.278
2231 -0.588 0.186 0.113 0.278
2232 -0.588 0.206 0.113 0.278
2233 -0.588 0.206 0.103 0.278
2234 -0.588 0.227 0.103 0.278
2238 -0.588 0.227 0.082 0.278
2240 -0.588 0.247 0.082 0.278
2241 -0.588 0.247 0.082 0.268
2243 -0.588 0.268 0.082 0.268
2249 -0.588 0.289 0.082 0.268
2250 -0.588 0.299 0.082 0.268
2251 -0.588 0.299 0.062 0.268
2252 -0.588 0.299 0.062 0.278
2253 -0.588 0.320 0.062 0.278
2254 -0.588 0.320 0.052 0.278
2258 -0.588 0.340 0.052 0.278
2259 -0.588 0.351 0.052 0.278
2261 -0.588 0.371 0.052 0.278
2265 -0.588 0.392 0.052 0.278
2268 -0.588 0.392 0.041 0.278
2270 -0.588 0.412 0.041 0.278
2277 -0.588 0.423 0.041 0.278
2279 -0.588 0.423 0.031 0.278
2283 -0.588 0.423 0.031 0.299
2288 -0.588 0.423 0.031 0.330
2292 -0.608 0.423 0.031 0.330
2293 -0.608 0.423 0.031 0.351
2294 -0.608 0.412 0.031 0.351
2295 -0.608 0.412 0.031 0.381
2296 -0.608 0.392 0.031 0.381
2297 -0.608 0.392 0.031 0.402
2299 -0.629 0.392 0.031 0.402
2300 -0.629 0.392 0.031 0.433
2301 -0.629 0.392 0.031 0.454
2302 -0.629 0.392 0.031 0.474
2304 -0.629 0.392 0.031 0.495
2306 -0.650 0.392 0.031 0.495
2308 -0.650 0.361 0.031 0.495
2309 -0.650 0.361 0.031 0.515
2310 -0.650 0.361 0.031 0.536
2313 -0.650 0.361 0.031 0.557
2320 -0.660 0.361 0.031 0.557
2322 -0.660 0.351 0.031 0.557
2326 -0.660 0.351 0.031 0.567
2328 -0.660 0.351 0.031 0.588
2329 -0.660 0.351 0.031 0.577
2331 -0.660 0.351 0.041 0.577
2332 -0.660 0.351 0.041 0.588
2333 -0.670 0.351 0.041 0.588
2338 -0.680 0.351 0.041 0.588
2344 -0.680 0.340 0.041 0.588
2346 -0.691 0.340 0.041 0.588
2360 -0.691 0.340 0.041 0.598
2378 -0.691 0.351 0.041 0.598
2392 -0.691 0.351 0.041 0.588
2396 -0.691 0.351 0.041 0.567
2398 -0.670 0.351 0.041 0.567
2399 -0.650 0.351 0.041 0.567
2400 -0.650 0.351 0.041 0.515
2401 -0.629 0.351 0.041 0.515
2402 -0.629 0.351 0.041 0.495
2403 -0.629 0.351 0.052 0.495
2404 -0.629 0.351 0.052 0.464
2405 -0.608 0.351 0.052 0.464
2406 -0.608 0.320 0.052 0.464
2407 -0.608 0.320 0.052 0.443
2408 -0.608 0.299 0.052 0.443
2409 -0.598 0.299 0.052 0.443
2410 -0.598 0.278 0.052 0.443
2411 -0.598 0.268 0.052 0.443
2412 -0.598 0.247 0.052 0.443
2414 -0.598 0.216 0.052 0.443
2416 -0.598 0.196 0.052 0.443
2417 -0.598 0.134 0.052 0.443
2418 -0.598 0.134 0.052 0.423
2419 -0.577 0.134 0.052 0.423
2420 -0.577 0.093 0.052 0.423
2421 -0.577 0.093 0.052 0.412
2422 -0.557 0.093 0.052 0.412
2423 -0.557 0.031 0.052 0.412
2424 -0.557 0.031 0.062 0.412
2425 -0.557 0.031 0.062 0.392
2426 -0.536 0.031 0.062 0.392
2427 -0.536 0.000 0.062 0.392
2428 -0.536 0.000 0.062 0.371
2429 -0.515 0.000 0.062 0.371
2430 -0.515 0.000 0.082 0.371
2431 -0.515 0.000 0.082 0.351
2432 -0.485 0.000 0.082 0.351
2433 -0.485 0.000 0.082 0.320
2434 -0.485 0.000 0.082 0.299
2435 -0.464 0.000 0.082 0.299
2436 -0.464 0.000 0.082 0.268
2437 -0.443 0.000 0.082 0.268
2438 -0.443 0.000 0.082 0.247
2439 -0.423 0.000 0.082 0.247
2440 -0.423 0.000 0.082 0.227
2441 -0.402 0.000 0.082 0.227
2442 -0.402 0.000 0.082 0.206
2443 -0.402 0.000 0.082 0.186
2444 -0.381 0.000 0.082 0.186
2445 -0.381 0.000 0.082 0.165
2448 -0.381 0.000 0.082 0.144
2450 -0.361 0.000 0.082 0.144
2452 -0.361 0.000 0.082 0.124
2453 -0.340 0.000 0.082 0.124
2455 -0.340 0.000 0.082 0.093
2457 -0.320 0.000 0.082 0.093
2458 -0.320 0.000 0.072 0.093
2459 -0.320 0.000 0.072 0.072
2466 -0.320 0.000 0.072 0.052
2468 -0.299 0.000 0.072 0.052
2469 -0.299 0.000 0.072 0.041
2470 -0.299 0.000 0.072 0.021
2471 -0.268 0.000 0.072 0.021
2472 -0.268 0.000 0.062 0.021
2473 -0.268 0.000 0.062 0.000
2475 -0.247 0.000 0.062 0.000
2476 -0.247 -0.010 0.062 0.000
2477 -0.237 -0.010 0.062 0.000
2478 -0.237 -0.010 0.041 0.000
2479 -0.227 -0.010 0.041 0.000
2480 -0.217 -0.010 0.041 0.000
2481 -0.217 -0.041 0.041 0.000
2482 -0.217 -0.072 0.041 0.000
2484 -0.217 -0.093 0.041 0.000
2485 -0.217 -0.093 0.021 0.000
2486 -0.217 -0.113 0.021 0.000
2487 -0.206 -0.113 0.021 0.000
2488 -0.206 -0.144 0.021 0.000
2489 -0.206 -0.144 0.000 0.000
2490 -0.196 -0.144 0.000 0.000
2491 -0.196 -0.175 0.000 0.000
2493 -0.196 -0.206 0.000 0.000
2494 -0.186 -0.206 0.000 0.000
2495 -0.186 -0.227 0.000 0.000
2496 -0.186 -0.247 0.000 0.000
2502 -0.186 -0.268 0.000 0.000
2516 -0.175 -0.268 0.000 0.000
2518 -0.175 -0.237 0.000 0.000
2520 -0.175 -0.217 0.000 0.000
2521 -0.175 -0.175 0.000 0.000
2523 -0.175 -0.155 0.000 0.000
2525 -0.175 -0.124 0.000 0.000
2527 -0.175 -0.103 0.000 0.000
2530 -0.175 -0.072 0.000 0.000
2532 -0.175 -0.052 0.000 0.000
2536 -0.155 -0.052 0.000 0.000
2537 -0.155 -0.031 0.000 0.000
2538 -0.134 -0.031 0.000 0.000
2539 -0.134 -0.010 0.000 0.000
2540 -0.113 -0.010 0.000 0.000
2541 -0.113 -0.010 0.000 -0.010
2542 -0.113 0.000 0.000 -0.010
2543 -0.113 0.000 0.000 -0.041
2544 -0.093 0.000 0.000 -0.041
2545 -0.093 0.000 0.000 -0.103
2546 -0.093 0.000 0.000 -0.134
2547 -0.093 0.000 0.000 -0.165
2550 -0.093 0.000 0.000 -0.196
2554 -0.093 0.000 0.000 -0.217
2555 -0.082 0.000 0.000 -0.217
2561 -0.082 -0.021 0.000 -0.217
2562 -0.082 -0.021 0.000 -0.237
2563 -0.082 -0.041 0.000 -0.237
2564 -0.082 -0.072 0.000 -0.237
2566 -0.082 -0.093 0.000 -0.237
2568 -0.072 -0.093 0.000 -0.237
2569 -0.072 -0.144 0.000 -0.237
2570 -0.072 -0.144 0.000 -0.258
2571 -0.072 -0.175 0.000 -0.258
2572 -0.072 -0.206 0.000 -0.258
2573 -0.072 -0.217 0.000 -0.258
2574 -0.072 -0.217 0.000 -0.268
2575 -0.072 -0.247 0.000 -0.268
2579 -0.062 -0.247 0.000 -0.268
2580 -0.062 -0.268 0.000 -0.268
2582 -0.052 -0.268 0.000 -0.268
2591 -0.041 -0.268 0.000 -0.268
2592 -0.041 -0.278 0.000 -0.268
2600 -0.041 -0.278 0.000 -0.247
2606 -0.021 -0.278 0.000 -0.247
2607 -0.021 -0.278 0.000 -0.227
2608 -0.021 -0.278 0.000 -0.206
2609 -0.021 -0.278 0.000 -0.186
2611 -0.021 -0.289 0.000 -0.186
2612 -0.021 -0.289 0.000 -0.165
2615 -0.021 -0.289 0.000 -0.144
2616 -0.021 -0.289 0.000 -0.134
2634 -0.010 -0.289 0.000 -0.134
2636 -0.010 -0.289 0.000 -0.144
2647 -0.010 -0.289 0.000 -0.113
2649 -0.031 -0.289 0.000 -0.113
2650 -0.031 -0.289 0.000 -0.072
2651 -0.052 -0.289 0.000 -0.072
2652 -0.052 -0.278 0.000 -0.072
2653 -0.052 -0.278 0.000 -0.021
2654 -0.072 -0.278 0.000 -0.021
2655 -0.072 -0.278 0.000 0.000
2656 -0.072 -0.258 0.000 0.000
2657 -0.093 -0.258 0.000 0.000
2661 -0.093 -0.237 0.000 0.000
2665 -0.103 -0.237 0.000 0.000
2667 -0.103 -0.217 0.000 0.000
2669 -0.103 -0.196 0.000 0.000
2670 -0.103 -0.165 0.000 0.000
2672 -0.103 -0.134 0.000 0.000
2676 -0.103 -0.103 0.000 0.000
2688 -0.124 -0.103 0.000 0.000
2692 -0.124 -0.082 0.000 0.000
2694 -0.144 -0.082 0.000 0.000
2701 -0.165 -0.082 0.000 0.000
2705 -0.165 -0.072 0.000 0.000
2710 -0.175 -0.072 0.000 0.000
2712 -0.175 -0.072 0.000 0.010
2715 -0.186 -0.072 0.000 0.010
2717 -0.196 -0.072 0.000 0.010
2718 -0.196 -0.072 0.000 0.031
2724 -0.196 -0.062 0.000 0.031
2731 -0.206 -0.062 0.000 0.031
2732 -0.206 -0.041 0.000 0.031
2739 -0.206 -0.021 0.000 0.031
2740 -0.206 -0.021 0.000 0.041
2746 -0.217 -0.021 0.000 0.041
2748 -0.217 0.000 0.000 0.041
2749 -0.217 0.000 0.000 0.031
2750 -0.217 0.000 0.000 0.010
2751 -0.217 0.000 0.000 0.000
2758 -0.258 0.000 0.000 0.000
2760 -0.289 0.000 0.000 0.000
2762 -0.309 0.000 0.000 0.000
2764 -0.330 0.000 0.000 0.000
2766 -0.361 0.000 0.000 0.000
2767 -0.381 0.000 0.000 0.000
2769 -0.423 0.000 0.000 0.000
2771 -0.443 0.000 0.000 0.000
2773 -0.464 0.000 0.000 0.000
2785 -0.485 0.000 0.000 0.000
2789 -0.567 0.000 0.000 0.000
2791 -0.650 0.000 0.000 0.000
2792 -0.773 0.000 0.000 0.000
2794 -1.000 0.000 0.000 0.000
