0 342.5
1 284.0
2 231.5
3 180.5
4 180.5
5 213.0
6 162.5
7 147.5
8 147.5
9 132.81666666666666
10 132.52380952380952
11 117.81666666666668
12 134.0666666666666
13 133.72380952380948
14 125.60714285714282
15 125.10714285714282
16 119.0714285714285
17 133.53452380952388
18 161.49761904761897
19 161.98730158730154
20 140.0051587301588
21 140.0051587301588
22 139.43928571428577
23 129.81309523809534
24 127.81309523809534
25 136.8353174603176
26 135.56150793650806
27 135.07287157287166
28 133.9615800865802
29 115.39036796536807
30 116.88243700743715
31 111.59386724386731
32 107.98434620934636
33 96.3676157176158
34 101.85713175713173
35 101.44674214674212
36 100.65282495282493
37 106.81293983793985
38 108.6719017094017
39 106.87203768453764
40 96.01078504828504
41 85.073835886336
42 84.1637182262183
43 84.1637182262183
44 84.76930985680993
45 84.01127630539408
46 75.78595432345443
47 77.02024266583096
48 75.27092531651361
49 77.82489357048188
50 76.81262667071503
51 76.21185481185492
52 76.32089854589867
53 75.5825525781409
54 75.5825525781409
55 75.5176276338042
56 75.44977049094707
57 75.14582523169994
58 75.07836491423963
59 74.42541255614022
60 74.6358039105718
61 74.8435938330676
62 94.27967898974103
63 96.68653363283212
64 96.9301878303344
65 98.76413876502068
66 96.19729494462716
67 96.7575010755612
68 95.87368153443617
69 95.54146859642674
70 95.86152768232074
71 93.4880279626375
72 93.43584352440571
73 92.92662029746326
74 92.37799114883411
75 92.37205988377731
76 91.75430757409273
77 96.30834475414038
78 92.31276654364403
79 93.29530982485183
80 92.35929354873778
81 93.49785400788652
82 93.01656253405741
83 93.59789611657338
84 93.40239689527186
85 92.93644218333596
86 92.90194407561414
87 94.92842315209322
88 91.24741665858669
89 90.89795559435953
90 95.26601391876495
91 97.96541963848131
92 90.85050224839732
93 90.10053658823207
94 90.06785954305504
95 89.09198031162451
96 82.9572795727565
97 83.12768272033358
98 82.97732071688894
99 83.74790429278242
100 90.12379548486804
101 88.48810430693175
102 88.48810430693175
103 88.48810430693175
104 86.95915701452535
105 86.95915701452535
106 86.95915701452535
107 86.95915701452535
108 86.95915701452535
109 86.75292807447467
110 86.75292807447467
111 86.75292807447467
112 85.49623947264034
113 85.49623947264034
114 81.7759560905666
115 84.57111762080605
116 83.11051423179909
117 83.11051423179909
118 83.11051423179909
119 83.11051423179909
120 84.51205256274918
121 85.29661355731015
122 85.29661355731015
123 82.63812977216139
124 82.63812977216139
125 79.873046472674
126 79.873046472674
127 79.873046472674
128 79.873046472674
129 79.873046472674
130 79.873046472674
131 79.873046472674
132 79.873046472674
133 79.873046472674
134 79.873046472674
135 79.4255625347067
136 79.4255625347067
137 80.8037011447003
138 77.45760971674423
139 77.45760971674423
140 78.446550918896
141 75.80032233826415
142 75.80032233826415
143 75.24516167553391
144 75.27746370361322
145 75.27746370361322
146 73.78407545363758
147 73.78407545363758
148 73.78407545363758
149 73.78407545363758
150 74.49526244128577
151 74.49526244128577
152 74.49526244128577
153 74.49526244128577
154 74.49526244128577
155 74.49526244128577
156 74.49526244128577
157 74.47370244250257
158 74.47370244250257
159 74.47370244250257
160 74.47370244250257
161 74.47370244250257
162 74.47370244250257
163 74.61243564870945
164 74.61243564870945
165 74.61243564870945
166 74.61243564870945
167 74.61243564870945
168 74.61243564870945
169 75.02466536120517
170 75.02466536120517
171 76.24192921655751
172 74.96682916508051
173 74.96682916508051
174 74.96682916508051
175 74.96682916508051
176 74.96682916508051
177 75.6716677138262
178 75.52228207772706
179 75.52228207772706
180 75.52228207772706
181 74.80168209369701
182 74.80168209369701
183 74.80168209369701
184 74.80168209369701
185 74.80168209369701
186 74.80168209369701
187 73.35650504851998
188 73.35650504851998
189 73.35650504851998
190 72.94991199580092
191 72.94991199580092
192 72.94991199580092
193 72.94991199580092
194 72.94991199580092
195 72.94991199580092
196 72.94991199580092
197 72.94991199580092
198 74.11232802132572
199 74.11232802132572
200 74.11232802132572
201 74.11232802132572
202 74.11232802132572
203 74.11232802132572
204 74.11232802132572
205 74.11232802132572
206 74.11232802132572
207 74.11232802132572
208 74.11232802132572
209 74.11232802132572
210 74.11232802132572
211 74.11232802132572
212 74.11232802132572
213 74.29536202361463
214 78.73244475215506
215 79.96997393454595
216 80.7710508976964
217 80.7710508976964
218 76.5499965237214
219 76.5499965237214
220 76.5499965237214
221 76.5499965237214
222 75.15031713868399
223 75.15031713868399
224 76.54428289514973
225 76.54428289514973
226 76.54428289514973
227 74.71730427435533
228 74.71730427435533
229 74.71730427435533
230 74.4335107690101
231 74.4335107690101
232 74.4335107690101
233 74.4335107690101
234 74.4335107690101
235 74.4335107690101
236 71.51393349109546
237 71.51393349109546
238 70.01993372085794
239 70.01993372085794
240 70.01993372085794
241 70.01993372085794
242 70.7044199164259
243 70.7044199164259
244 70.7044199164259
245 70.7044199164259
246 69.93437435738525
247 67.92519601914297
248 67.92519601914297
249 67.92519601914297
250 67.92519601914297
251 67.92519601914297
252 67.92519601914297
253 71.31051231403893
254 70.30222126757967
255 70.30222126757967
256 70.30222126757967
257 70.30222126757967
258 72.95521156259272
259 68.73526486708202
260 68.73526486708202
261 68.73526486708202
262 68.73526486708202
263 68.73526486708202
264 68.73526486708202
265 68.61838139517606
266 68.61838139517606
267 68.61838139517606
268 68.61838139517606
269 67.89731577913294
270 67.89731577913294
271 66.45605296691792
272 67.30389991663701
273 67.30389991663701
274 67.30389991663701
275 67.30389991663701
276 67.30389991663701
277 67.30389991663701
278 66.64071793452871
