0 282.5
1 264.5
2 215.0
3 136.5
4 102.0
5 95.0
6 90.66666666666666
7 96.50000000000001
8 93.33333333333334
9 109.55
10 89.31666666666668
11 87.35000000000004
12 80.8166666666667
13 59.81666666666665
14 58.942857142857115
15 58.942857142857115
16 58.942857142857115
17 51.942857142857115
18 51.942857142857115
19 51.942857142857115
20 51.08809523809521
21 47.588095238095214
22 54.67142857142854
23 54.838095238095214
24 54.20357142857144
25 62.853593628593686
26 52.39047619047621
27 52.39047619047621
28 52.77305194805195
29 49.55638528138529
30 48.523051948051936
31 48.523051948051936
32 50.232864357864365
33 49.98286435786437
34 50.001118326118345
35 53.29992784992788
36 52.68008658008661
37 56.093181818181826
38 55.38827561327564
39 55.6714285714286
40 55.22705627705632
41 54.82362637362641
42 54.470992895992936
43 54.353676878676914
44 53.7286768786769
45 54.7814740814741
46 55.116555666555705
47 54.79350649350651
48 54.57524975024977
49 57.09179039914336
50 54.62560103295398
51 54.62560103295398
52 55.31142360391591
53 55.31142360391591
54 55.31142360391591
55 55.31142360391591
56 55.31142360391591
57 55.31142360391591
58 56.73840773090005
59 56.73840773090005
60 59.11882839382843
61 59.11882839382843
62 59.11882839382843
63 59.11882839382843
64 59.11882839382843
65 59.11882839382843
66 59.11882839382843
67 59.11882839382843
68 59.11882839382843
69 59.11882839382843
70 59.11882839382843
71 59.11882839382843
72 59.11882839382843
73 57.62835220335225
74 57.62835220335225
75 57.62835220335225
76 57.62835220335225
77 57.62835220335225
78 57.62835220335225
79 58.46862581862589
80 55.95841662207768
81 55.95841662207768
82 55.95841662207768
83 55.95841662207768
84 55.95841662207768
85 55.95841662207768
86 55.95841662207768
87 55.95841662207768
88 55.95841662207768
89 55.95841662207768
90 55.95841662207768
91 55.95841662207768
92 55.95841662207768
93 55.95841662207768
94 55.95841662207768
95 55.95841662207768
96 55.95841662207768
97 55.95841662207768
98 55.95841662207768
99 55.95841662207768
100 55.95841662207768
101 55.95841662207768
102 56.61877844377848
103 56.61877844377848
104 58.84322703440357
105 58.84322703440357
106 58.59371404739057
107 59.17202323819977
108 59.17202323819977
109 59.17202323819977
110 55.97678514296166
111 55.97678514296166
112 55.97678514296166
113 55.97678514296166
114 55.97678514296166
115 55.97678514296166
116 55.97678514296166
117 56.391674420350945
118 56.391674420350945
119 54.44919606537259
120 54.44919606537259
121 54.44919606537259
122 54.44919606537259
123 54.44919606537259
124 55.239638118159846
125 55.239638118159846
126 55.239638118159846
127 55.239638118159846
128 53.498550061050125
129 53.498550061050125
130 53.498550061050125
131 53.498550061050125
132 49.19867354867359
133 49.19867354867359
134 49.19867354867359
135 49.19867354867359
136 49.19867354867359
137 49.212562437562475
138 49.212562437562475
139 49.212562437562475
140 49.212562437562475
141 49.212562437562475
142 50.92400099900103
143 50.92400099900103
144 50.92400099900103
145 50.92400099900103
146 50.92400099900103
147 50.92400099900103
148 50.92400099900103
149 50.92400099900103
150 50.92400099900103
151 50.92400099900103
152 50.92400099900103
153 50.92400099900103
154 50.92400099900103
155 50.92400099900103
156 51.37995337995342
157 51.37995337995342
158 51.37995337995342
159 51.37995337995342
160 53.354220779220796
161 53.354220779220796
162 50.65919635919637
163 50.65919635919637
164 50.65919635919637
165 50.65919635919637
166 50.65919635919637
167 50.65919635919637
168 50.65919635919637
169 50.65919635919637
170 50.65919635919637
171 50.670307470307485
172 50.670307470307485
173 52.68217827064578
174 50.79071761571763
175 50.79071761571763
176 50.79071761571763
177 50.65990953490956
178 50.65990953490956
179 50.65990953490956
180 50.65990953490956
181 50.65990953490956
182 50.65990953490956
183 60.205147630147664
184 60.205147630147664
185 60.205147630147664
186 60.205147630147664
187 60.205147630147664
188 61.42989510489513
189 61.42989510489513
190 61.42989510489513
191 64.17544360953808
192 61.28916361416362
193 61.28916361416362
194 61.28916361416362
195 64.39630647130649
196 64.39630647130649
197 64.39630647130649
198 64.39630647130649
199 64.39630647130649
200 64.39630647130649
201 64.39630647130649
202 64.39630647130649
203 63.61150793650795
204 63.61150793650795
205 63.61150793650795
206 63.61150793650795
207 63.61150793650795
208 63.61150793650795
209 63.61150793650795
210 63.61150793650795
211 63.61150793650795
212 63.61150793650795
213 64.4400793650794
214 64.4400793650794
215 64.4400793650794
216 64.4400793650794
217 64.4400793650794
218 65.64484126984128
219 65.64484126984128
220 65.64484126984128
221 65.64484126984128
222 65.64484126984128
223 65.64484126984128
224 65.64484126984128
225 65.64484126984128
226 65.64484126984128
227 65.64484126984128
228 65.64484126984128
229 65.64484126984128
230 65.64484126984128
231 65.64484126984128
232 65.64484126984128
233 65.64484126984128
234 65.64484126984128
235 65.64484126984128
236 62.0595238095238
237 62.0595238095238
238 64.4936507936508
239 64.4936507936508
240 64.4936507936508
241 64.23333333333336
242 64.23333333333336
243 64.23333333333336
244 64.23333333333336
245 64.23333333333336
246 64.23333333333336
247 64.23333333333336
248 64.23333333333336
249 64.23333333333336
250 64.60912698412699
251 64.60912698412699
252 64.60912698412699
253 64.60912698412699
254 59.38261183261185
255 59.38261183261185
256 59.38261183261185
257 59.38261183261185
258 59.38261183261185
259 58.67586580086581
260 58.67586580086581
261 71.95007215007216
262 67.85992063492061
263 67.85992063492061
264 61.500396825396884
265 61.500396825396884
266 61.500396825396884
267 64.24841269841272
268 64.24841269841272
269 64.24841269841272
270 64.24841269841272
271 70.00876623376627
272 70.00876623376627
273 70.00876623376627
274 70.00876623376627
275 70.00876623376627
276 56.58650793650796
277 56.58650793650796
278 56.58650793650796
279 56.58650793650796
280 53.90948773448773
281 53.90948773448773
282 54.99166666666668
283 54.99166666666668
284 54.99166666666668
285 54.99166666666668
286 54.99166666666668
287 54.99166666666668
288 54.99166666666668
289 54.99166666666668
290 54.99166666666668
291 51.87936507936509
292 51.87936507936509
293 51.87936507936509
294 51.87936507936509
295 51.87936507936509
296 51.87936507936509
297 50.17857142857142
298 50.17857142857142
299 50.17857142857142
300 50.17857142857142
301 50.17857142857142
302 50.17857142857142
303 50.17857142857142
304 50.17857142857142
305 50.17857142857142
306 50.17857142857142
307 50.17857142857142
308 50.17857142857142
309 50.17857142857142
310 50.17857142857142
311 50.17857142857142
312 50.17857142857142
313 50.17857142857142
314 50.17857142857142
315 50.17857142857142
316 51.44166666666666
317 51.44166666666666
318 51.44166666666666
319 51.44166666666666
320 51.44166666666666
321 51.44166666666666
322 51.44166666666666
323 51.44166666666666
324 51.44166666666666
325 51.44166666666666
326 51.44166666666666
327 51.44166666666666
328 51.44166666666666
329 51.44166666666666
330 51.44166666666666
331 51.44166666666666
332 51.44166666666666
333 51.44166666666666
334 51.44166666666666
335 51.44166666666666
336 51.44166666666666
337 51.94166666666666
338 51.94166666666666
339 51.94166666666666
340 53.020634920634926
341 53.020634920634926
342 53.020634920634926
343 53.020634920634926
344 56.90396825396826
345 56.90396825396826
346 56.90396825396826
347 62.4373015873016
348 62.4373015873016
349 56.43492063492063
350 56.43492063492063
351 56.43492063492063
352 56.43492063492063
353 56.43492063492063
354 56.43492063492063
355 56.43492063492063
356 56.43492063492063
357 60.894047619047626
358 60.894047619047626
359 60.894047619047626
360 57.255411255411275
361 57.255411255411275
362 57.255411255411275
363 57.255411255411275
364 57.255411255411275
365 51.255411255411275
366 51.255411255411275
367 51.255411255411275
368 51.255411255411275
369 51.255411255411275
370 51.255411255411275
371 51.255411255411275
372 51.255411255411275
373 51.255411255411275
374 50.126587301587314
375 50.126587301587314
376 50.126587301587314
377 50.126587301587314
378 50.126587301587314
379 50.126587301587314
380 50.126587301587314
381 50.126587301587314
382 50.126587301587314
383 50.15753968253968
384 50.15753968253968
385 50.15753968253968
386 50.15753968253968
387 50.15753968253968
388 50.15753968253968
389 50.15753968253968
390 50.15753968253968
391 50.15753968253968
392 51.408333333333346
393 51.408333333333346
394 51.408333333333346
395 51.408333333333346
396 51.408333333333346
397 51.408333333333346
398 51.408333333333346
399 51.408333333333346
400 51.408333333333346
401 51.408333333333346
402 51.408333333333346
403 51.408333333333346
404 52.714300976801
405 69.64763431013436
406 69.64763431013436
407 57.52858669108672
408 57.52858669108672
409 57.52858669108672
410 54.3308164058164
411 54.3308164058164
412 54.3308164058164
413 54.3308164058164
414 54.3308164058164
415 52.08454600954601
416 52.08454600954601
417 52.08454600954601
418 52.08454600954601
419 51.958774558774586
420 55.079451071617235
421 58.13865693821446
422 58.13865693821446
423 58.13865693821446
424 55.47010905760906
425 55.47010905760906
426 58.98543418270908
427 64.06876751604243
428 64.06876751604243
429 64.06876751604243
430 64.06876751604243
431 64.06876751604243
432 60.55495337995339
433 60.55495337995339
434 59.231900044400064
435 59.231900044400064
436 57.395874958374996
437 57.395874958374996
438 66.12224451074898
439 64.92078708367396
440 57.94754412254415
441 57.94754412254415
442 57.94754412254415
443 57.68376623376627
444 57.68376623376627
445 48.450432900432915
446 48.450432900432915
447 46.45043290043292
448 46.45043290043292
449 46.45043290043292
450 46.45043290043292
451 46.45043290043292
452 47.66749361749362
453 47.66749361749362
454 47.66749361749362
455 47.66749361749362
456 47.66749361749362
457 47.66749361749362
458 47.16749361749362
459 47.16749361749362
460 47.16749361749362
461 47.16749361749362
462 47.05193417693418
463 47.05193417693418
464 47.05193417693418
465 47.05193417693418
466 47.05193417693418
467 47.05193417693418
468 48.8631673881674
469 48.8631673881674
470 48.8631673881674
471 48.8631673881674
472 52.79650072150074
473 52.79650072150074
474 52.79650072150074
475 52.61594516594515
476 52.61594516594515
477 52.61594516594515
478 52.61594516594515
479 52.61594516594515
480 52.61594516594515
481 52.61594516594515
482 51.66277056277057
483 51.66277056277057
484 51.66277056277057
485 51.66277056277057
486 51.66277056277057
487 51.66277056277057
488 55.6815295815296
489 55.6815295815296
490 55.6815295815296
491 55.6815295815296
492 55.6815295815296
493 55.6815295815296
494 55.6815295815296
495 55.6815295815296
496 55.6815295815296
497 55.6815295815296
498 55.32077922077924
499 55.32077922077924
500 55.32077922077924
501 55.32077922077924
502 55.32077922077924
503 55.32077922077924
504 55.32077922077924
505 55.32077922077924
506 55.32077922077924
507 55.32077922077924
508 55.32077922077924
509 55.32077922077924
510 55.32077922077924
511 55.32077922077924
512 55.32077922077924
513 58.128571428571426
514 58.128571428571426
515 58.128571428571426
516 59.7952380952381
517 59.7952380952381
518 59.7952380952381
519 59.7952380952381
520 59.7952380952381
521 58.128571428571426
522 58.128571428571426
523 58.128571428571426
524 58.128571428571426
525 58.128571428571426
526 58.128571428571426
527 58.128571428571426
528 58.128571428571426
529 58.128571428571426
530 58.128571428571426
531 58.128571428571426
532 56.06468253968256
533 56.06468253968256
534 52.13134920634921
535 52.13134920634921
536 52.13134920634921
537 52.13134920634921
538 52.13134920634921
539 52.13134920634921
540 52.13134920634921
541 52.13134920634921
542 52.13134920634921
543 55.93849206349208
544 55.93849206349208
545 55.93849206349208
546 55.93849206349208
547 55.93849206349208
548 55.93849206349208
549 55.93849206349208
550 55.93849206349208
551 59.98849206349206
552 59.98849206349206
553 59.98849206349206
554 59.98849206349206
555 57.46468253968255
556 57.46468253968255
557 57.46468253968255
558 57.46468253968255
559 52.325
560 52.325
561 52.325
562 52.325
563 52.325
564 52.325
565 52.325
566 52.325
567 52.325
568 52.325
569 52.325
570 51.74166666666667
571 51.74166666666667
572 51.74166666666667
573 43.98694083694086
574 43.98694083694086
575 43.98694083694086
576 43.98694083694086
577 43.98694083694086
578 43.98694083694086
579 43.98694083694086
580 43.98694083694086
581 43.98694083694086
582 43.98694083694086
583 43.98694083694086
584 43.98694083694086
585 43.98694083694086
586 43.98694083694086
587 43.98694083694086
588 43.98694083694086
589 43.98694083694086
590 43.98694083694086
591 43.98694083694086
592 43.98694083694086
593 43.98694083694086
594 46.370274170274186
595 46.370274170274186
596 46.370274170274186
597 46.370274170274186
598 46.370274170274186
599 46.370274170274186
600 50.71904761904761
601 50.71904761904761
602 50.71904761904761
603 50.71904761904761
604 50.71904761904761
605 50.71904761904761
606 50.71904761904761
607 50.71904761904761
608 50.71904761904761
609 50.71904761904761
610 50.71904761904761
611 50.71904761904761
612 50.71904761904761
613 50.71904761904761
614 50.71904761904761
615 49.10476190476191
616 49.10476190476191
617 49.10476190476191
618 49.10476190476191
619 49.10476190476191
620 49.10476190476191
621 49.10476190476191
622 49.10476190476191
623 49.10476190476191
624 47.104761904761915
625 47.104761904761915
626 47.104761904761915
627 47.104761904761915
628 47.104761904761915
629 47.104761904761915
630 47.104761904761915
631 47.104761904761915
632 47.104761904761915
633 47.104761904761915
634 47.104761904761915
635 47.104761904761915
636 47.104761904761915
637 47.104761904761915
638 47.104761904761915
639 47.104761904761915
640 47.104761904761915
641 47.104761904761915
642 47.104761904761915
643 47.104761904761915
644 47.104761904761915
645 47.104761904761915
646 47.104761904761915
647 47.104761904761915
648 47.104761904761915
649 47.104761904761915
650 46.07142857142856
651 46.07142857142856
652 46.07142857142856
653 46.07142857142856
654 46.07142857142856
655 49.47957597957597
656 49.47957597957597
657 49.47957597957597
658 49.47957597957597
659 49.47957597957597
660 49.47957597957597
661 49.47957597957597
662 49.47957597957597
663 49.47957597957597
664 46.07142857142856
665 46.07142857142856
666 46.07142857142856
667 47.61904761904761
668 47.61904761904761
669 47.61904761904761
670 47.61904761904761
671 48.11904761904761
672 48.11904761904761
673 48.11904761904761
674 48.11904761904761
675 48.11904761904761
676 48.11904761904761
677 48.11904761904761
678 48.11904761904761
679 48.11904761904761
680 48.11904761904761
681 48.11904761904761
682 48.11904761904761
683 48.11904761904761
684 48.11904761904761
685 48.11904761904761
686 48.11904761904761
687 48.11904761904761
688 50.786904761904765
689 50.786904761904765
690 50.786904761904765
691 50.786904761904765
692 50.786904761904765
693 50.786904761904765
694 50.786904761904765
695 50.786904761904765
696 50.786904761904765
697 50.786904761904765
698 50.786904761904765
699 52.699578199578184
700 52.699578199578184
701 52.699578199578184
702 52.699578199578184
703 52.699578199578184
704 52.699578199578184
705 52.699578199578184
706 52.699578199578184
707 52.699578199578184
708 52.699578199578184
709 52.699578199578184
710 52.699578199578184
711 52.699578199578184
712 52.699578199578184
713 52.699578199578184
714 61.01578925460506
715 61.01578925460506
716 61.01578925460506
717 61.01578925460506
718 61.01578925460506
719 61.01578925460506
720 61.01578925460506
721 61.01578925460506
722 63.01578925460507
723 63.01578925460507
724 69.80907929789514
725 69.80907929789514
726 70.68716561216561
727 70.68716561216561
728 63.89387556887557
729 63.89387556887557
730 63.89387556887557
731 63.89387556887557
732 63.89387556887557
733 63.89387556887557
734 62.72720890220891
735 62.72720890220891
736 62.72720890220891
737 63.91289445848271
738 63.91289445848271
739 63.021227791816045
740 63.021227791816045
741 63.021227791816045
742 63.021227791816045
743 60.87555483731956
744 60.167467663055916
745 60.167467663055916
746 60.167467663055916
747 60.23413432972258
748 60.23413432972258
749 60.23413432972258
750 60.23413432972258
751 60.23413432972258
752 60.23413432972258
753 60.23413432972258
754 60.23413432972258
755 60.23413432972258
756 60.23413432972258
757 60.23413432972258
758 60.23413432972258
759 60.40080099638925
760 60.40080099638925
761 60.40080099638925
762 60.40080099638925
763 60.40080099638925
764 60.40080099638925
765 60.40080099638925
766 60.40080099638925
767 60.40080099638925
768 60.40080099638925
769 60.40080099638925
770 60.40080099638925
771 61.90080099638925
772 61.90080099638925
773 61.90080099638925
774 61.90080099638925
775 61.90080099638925
776 61.90080099638925
777 65.40080099638925
778 65.40080099638925
779 69.65318194877021
780 69.65318194877021
781 69.65318194877021
782 69.65318194877021
783 69.65318194877021
784 65.40080099638925
785 65.40080099638925
786 65.40080099638925
787 65.40080099638925
788 65.40080099638925
789 65.40080099638925
790 65.40080099638925
791 65.40080099638925
792 65.40080099638925
793 65.40080099638925
794 65.40080099638925
795 65.40080099638925
796 65.40080099638925
797 65.40080099638925
798 65.40080099638925
799 65.27580099638926
800 65.27580099638926
801 65.27580099638926
802 65.27580099638926
803 65.27580099638926
804 65.27580099638926
805 65.27580099638926
806 65.27580099638926
807 65.27580099638926
808 65.27580099638926
809 65.27580099638926
810 65.27580099638926
811 65.27580099638926
812 65.27580099638926
813 65.27580099638926
814 65.27580099638926
815 65.27580099638926
816 65.27580099638926
817 58.14166666666667
818 58.14166666666667
819 57.009523809523806
820 57.009523809523806
821 67.05685782958165
822 63.464000686724496
823 63.464000686724496
824 63.464000686724496
825 63.464000686724496
826 63.464000686724496
827 63.464000686724496
828 52.0110956853604
829 54.628952828217564
830 54.628952828217564
831 54.628952828217564
832 54.628952828217564
833 54.628952828217564
834 51.961095685360405
835 51.961095685360405
836 51.961095685360405
837 51.961095685360405
838 51.961095685360405
839 51.961095685360405
840 51.961095685360405
841 51.961095685360405
842 53.516666666666666
843 53.516666666666666
844 53.516666666666666
845 53.516666666666666
846 53.516666666666666
847 53.516666666666666
848 53.516666666666666
849 57.050000000000004
850 57.050000000000004
851 57.050000000000004
852 57.050000000000004
853 57.050000000000004
854 57.050000000000004
855 57.050000000000004
856 55.11553724053722
857 61.83479935097584
858 61.83479935097584
859 61.83479935097584
860 61.83479935097584
861 61.83479935097584
862 61.83479935097584
863 61.83479935097584
864 64.19682800859275
865 64.19682800859275
866 62.66268396636047
867 62.66268396636047
868 62.66268396636047
869 62.66268396636047
870 62.66268396636047
871 62.66268396636047
872 62.66268396636047
873 62.66268396636047
874 62.66268396636047
875 62.66268396636047
876 62.66268396636047
877 62.66268396636047
878 62.66268396636047
879 55.15357142857145
880 55.15357142857145
881 54.07023809523812
882 54.07023809523812
883 54.07023809523812
884 54.07023809523812
885 54.07023809523812
886 54.07023809523812
887 54.07023809523812
888 54.07023809523812
889 54.07023809523812
890 54.07023809523812
891 54.07023809523812
892 54.07023809523812
893 54.07023809523812
894 54.07023809523812
895 54.07023809523812
896 57.57023809523811
897 57.57023809523811
898 57.57023809523811
899 57.57023809523811
900 57.57023809523811
901 57.57023809523811
902 57.57023809523811
903 60.56666666666666
904 60.56666666666666
905 60.56666666666666
906 60.56666666666666
907 60.56666666666666
908 60.56666666666666
909 60.56666666666666
910 60.56666666666666
911 60.56666666666666
912 60.56666666666666
913 60.56666666666666
914 60.56666666666666
915 60.56666666666666
916 60.56666666666666
917 60.56666666666666
918 60.56666666666666
919 60.56666666666666
920 60.56666666666666
921 60.56666666666666
922 60.56666666666666
923 60.56666666666666
924 60.56666666666666
925 60.56666666666666
926 60.56666666666666
927 60.56666666666666
928 60.56666666666666
929 60.56666666666666
930 60.56666666666666
931 62.400000000000006
932 62.400000000000006
933 62.400000000000006
934 62.400000000000006
935 62.400000000000006
936 58.03571428571428
937 58.03571428571428
938 61.49999999999999
939 61.49999999999999
940 61.49999999999999
941 61.49999999999999
942 61.49999999999999
943 61.49999999999999
944 61.49999999999999
945 61.49999999999999
946 61.49999999999999
947 61.49999999999999
948 61.49999999999999
949 61.49999999999999
950 61.49999999999999
951 61.49999999999999
952 61.49999999999999
953 61.49999999999999
954 60.533333333333324
955 60.533333333333324
956 60.533333333333324
957 60.533333333333324
958 60.533333333333324
959 60.533333333333324
960 61.033333333333324
961 61.033333333333324
962 61.033333333333324
963 61.033333333333324
964 61.033333333333324
965 61.033333333333324
966 61.033333333333324
967 61.033333333333324
968 61.033333333333324
969 61.033333333333324
970 61.033333333333324
971 61.033333333333324
972 61.033333333333324
973 61.033333333333324
974 61.033333333333324
975 61.033333333333324
976 61.033333333333324
977 61.033333333333324
978 61.033333333333324
979 60.03333333333333
980 60.03333333333333
981 60.03333333333333
982 60.03333333333333
983 57.03333333333333
984 57.03333333333333
985 57.03333333333333
986 57.03333333333333
987 57.03333333333333
988 57.99999999999999
989 57.99999999999999
990 57.99999999999999
991 57.99999999999999
992 57.99999999999999
993 57.99999999999999
994 57.99999999999999
995 57.99999999999999
996 57.99999999999999
997 57.99999999999999
998 57.516666666666666
999 57.516666666666666
