0 344.5
1 303.0
2 297.5
3 269.5
4 274.0
5 260.0
6 284.5
7 274.0
8 250.5
9 250.5
10 236.0
11 229.5
12 228.5
13 225.07619047619028
14 220.97619047619034
15 206.4428571428569
16 216.0261904761902
17 221.48452380952372
18 219.0845238095237
19 217.767857142857
20 223.25833333333316
21 215.9083333333331
22 212.88571428571439
23 213.1321428571427
24 209.2285714285713
25 210.16150793650786
26 209.18142135642125
27 209.3957070707069
28 208.1014069264069
29 199.22521645021655
30 202.31450216450213
31 200.6869769119768
32 199.37253857253847
33 198.70605228105222
34 198.21279831279847
35 194.33300033300026
36 193.24681984681973
37 195.85724553224543
38 199.30915195915205
39 199.862975912976
40 199.5439477189477
41 198.98774836274848
42 199.78243423243435
43 201.0097360972361
44 205.0992826617826
45 204.7349834805718
46 204.44767079325928
47 205.51346888405726
48 205.64076136282029
49 205.39710224416123
50 206.34750284545197
51 205.00317117523016
52 209.6503086997285
53 211.84593465100448
54 211.28254381926996
55 209.9863261480523
56 208.86976264619477
57 211.15559625702826
58 206.65143527353322
59 207.08975658844096
60 207.16057594217025
61 206.8820392784555
62 207.82849855533263
63 207.59767013023173
64 206.55390116539073
65 206.4067108857701
66 207.50946680340658
67 207.099558635641
68 207.0794232291393
69 208.0588867172473
70 207.35968876058476
71 208.23076196513554
72 206.52203446243664
73 202.64868651764954
74 202.37693710592134
75 197.80794405209184
76 198.52661009753777
77 199.6301634837351
78 202.35994396205243
79 204.9255028019624
80 203.77160238938265
81 204.5957930688814
82 204.85560062238804
83 204.96361626195562
84 205.70269887020623
85 205.0964051633837
86 205.36729538319116
87 208.07167696984453
88 208.54637198723734
89 208.07574364055876
90 207.60075511185258
91 205.03241997142806
92 205.45426368990547
93 204.02380927989526
94 204.18644962812772
95 205.9815343199543
96 206.44731591910255
97 205.7901425794195
98 205.92376152192696
99 207.38724570834353
100 207.71144003887932
101 208.1395988981496
102 207.99932365495116
103 207.68382794241018
104 208.03879230928038
105 206.66975779167302
106 206.84248610358267
107 207.59791890750216
108 206.01104284178263
109 208.42499338652075
110 206.34063353067324
111 205.6895966754064
112 204.92989581647205
113 204.90859853565516
114 204.79378664901768
115 207.2845724943211
116 207.5048300282158
117 206.85775802486722
118 206.7447523108465
119 206.9952546856827
120 205.72204967254663
121 205.62043517354567
122 205.3167800817565
123 204.98076554779686
124 204.26080476721003
125 204.6223648614145
126 204.64809878255986
127 204.43067423171513
128 204.73963449380545
129 204.6818769313077
130 204.7616705280293
131 204.94695329885747
132 206.743841428998
133 205.92478219945502
134 205.6246347467524
135 205.3366930841972
136 205.1674852879812
137 205.3214604170458
138 205.09809777245812
139 203.61924355484004
140 203.94199150703315
141 203.91946907902195
142 204.07669346511855
143 202.74879765233388
144 200.8966022441004
145 200.77399660479503
146 201.99295327219752
147 201.2733514264531
148 201.738805162382
149 201.378360396841
150 203.2115990879692
151 204.37431861196237
152 203.77087922413907
153 203.55669871988889
154 203.77225688123028
155 203.82337638549606
156 204.29757092109506
157 204.45457373050485
158 204.2546655109507
159 204.82181054348214
160 204.73500230286896
161 205.13501012604797
162 204.96645659373846
163 204.8792928431738
164 205.1143048664042
165 204.97185592703764
166 204.92519744334749
167 205.60138865627883
168 205.87274944560176
169 206.3529239469645
170 206.1906973213533
171 206.23454459006655
172 206.060396221522
173 206.5575925185071
174 205.16418732063906
175 205.1572518225317
176 203.95513017873765
177 204.39122054841292
