0 344.5
1 336.0
2 278.5
3 241.0
4 192.0
5 215.0
6 192.5
7 212.0
8 206.5833333333333
9 212.5166666666667
10 212.5166666666667
11 212.5166666666667
12 169.8
13 153.25
14 153.25
15 152.41666666666666
16 128.99999999999994
17 140.75
18 140.75
19 138.97539682539679
20 136.22380952380954
21 135.77738095238104
22 124.77738095238095
23 122.61071428571432
24 122.3940476190477
25 114.95992063492065
26 115.70634920634913
27 114.98968253968248
28 110.31626984126986
29 113.31702741702739
30 111.94996392496395
31 112.38329725829728
32 111.6594821844822
33 111.1658313908314
34 114.73249805749812
35 112.53845043845045
36 110.69203019203023
37 103.10631590631593
38 101.8156121656122
39 103.97513597513606
40 103.97513597513606
41 105.47317959817971
42 93.16384726384734
43 92.25501998002002
44 91.9169247419248
45 91.0848068598069
46 90.3314324564325
47 97.95921023421023
48 96.76434398934398
49 96.60878843378845
50 99.44808108558114
51 97.74710705960717
52 97.09735958485965
53 96.09714746038281
54 100.05777572101101
55 93.82661521485059
56 94.44798118548128
57 95.18856919224578
58 93.61106532356541
59 92.70147670956501
60 94.99390299243254
61 95.20646408115458
62 94.60127833552762
63 94.94685789356845
64 92.89055980569145
65 91.87245568758736
66 91.38997894090778
67 90.6702719021605
68 90.14470278173843
69 89.95341094663857
70 89.65107779647259
71 89.52794445406683
72 88.67596595011464
73 88.26316892172161
74 87.39517825226037
75 87.12525193245017
76 89.73023323855377
77 87.30177969455804
78 86.56286212777673
79 87.14591117516824
80 88.40459986051259
81 90.11853483633678
82 89.86624435659176
83 88.39583931014182
84 85.84849897395506
85 85.34344056057621
86 84.94611966252005
87 84.19388377920832
88 85.49986105640679
89 92.03946090059574
90 90.82270078592542
91 91.97090001102096
92 91.82202531330725
93 92.04204956580051
94 95.91711017276012
95 95.85178263824996
96 95.06052884149403
97 90.45202796201731
98 89.06095676901046
99 88.73733583482287
100 88.18788629541505
101 87.99840594977844
102 88.90847545580971
103 88.43988837123963
104 93.3057035995319
105 88.28941162461734
106 87.95312634747393
107 88.08200488417181
108 88.77375876563832
109 90.10754860355048
110 91.66247736393623
111 91.34816322972235
112 90.694088240571
113 90.52449648766856
114 89.90041071317323
115 90.70059031991431
116 92.15487490229762
117 90.1271291876368
118 89.77467397835056
119 85.95678823234563
120 86.66609782755495
121 86.92548364698713
122 86.4861739487152
123 88.72227919545891
124 88.69853063601714
125 88.6254765379632
126 90.17066121197509
127 87.90011932648642
128 87.66703292638375
129 89.02847716904773
130 87.60636786461917
131 86.87145655167978
132 88.33392138660011
133 87.37399088541035
134 87.88959277752552
135 86.73985541554651
136 87.8124445601487
137 87.91892577428104
138 87.76531537998486
139 86.7029961767868
140 87.7130351727676
141 87.25121949401445
142 88.29773649609805
143 86.83271635031114
144 86.55007558438321
145 87.53008105326377
146 87.34574307377589
147 87.1169373312212
148 87.74782333611786
149 88.24009569938164
150 88.23580083192887
151 88.88138857436245
152 92.69189630477346
153 94.45270119869322
154 93.31067110619186
155 93.99554901305287
156 93.28905422510476
157 93.56673986103401
158 95.1926059821077
159 95.16710328610087
160 95.35078606340755
161 93.01502539601915
162 93.16986786510301
163 93.10076850794317
164 93.66941552861158
165 91.78638690471318
166 92.23836149662647
167 91.44758901381239
168 91.32131395628976
169 89.86415349865348
170 89.75769857472996
171 89.49636591653986
172 90.59211323703674
173 91.37167255732224
174 88.76401641301817
175 88.9329159324551
176 87.6740667524905
177 87.98648425568804
178 86.25517216864186
179 86.17985496041165
180 86.79835171855805
181 89.17651324087271
182 88.94789273150857
183 88.73237726013143
184 90.21355724275436
185 90.14569939331298
186 90.93445321995564
187 91.17161920330234
188 91.99243676203713
189 91.75419791960506
190 91.83447721393568
191 90.98749799358352
192 90.8833011322581
193 90.59411219054972
194 91.21867934029378
195 91.36665093337278
196 93.83359272966621
197 92.46447477125055
198 91.82309256854724
199 91.32227782579143
200 89.57139877529721
201 89.57139877529721
202 89.57139877529721
203 88.27094081889345
204 88.27094081889345
205 89.02820922979274
206 89.02820922979274
207 89.02820922979274
208 89.02820922979274
209 88.45595668716824
210 88.45595668716824
211 88.33470313516541
212 88.33470313516541
213 88.19138604601896
214 88.19138604601896
215 88.19138604601896
216 88.2138469029939
217 88.2138469029939
218 88.2138469029939
219 87.4015592236064
220 87.4015592236064
221 87.4015592236064
222 88.6045363346744
223 88.23815592849066
224 88.23815592849066
225 89.08532578774683
226 89.08532578774683
227 88.25992864518942
228 88.0384690426299
229 88.0384690426299
230 87.24765455595846
231 87.24765455595846
232 87.24765455595846
233 87.24765455595846
234 89.03818415117172
235 89.03818415117172
236 90.00153078756362
237 90.00153078756362
238 90.00153078756362
239 90.00153078756362
240 89.73727671737736
241 89.73727671737736
242 89.73727671737736
243 89.73727671737736
244 89.73727671737736
245 89.73727671737736
246 88.83053329111905
247 88.83053329111905
248 88.83053329111905
249 88.83053329111905
250 88.83053329111905
251 88.83053329111905
252 88.83053329111905
253 88.83053329111905
254 88.83053329111905
255 88.83053329111905
256 88.83053329111905
257 88.83053329111905
258 88.83053329111905
259 88.83053329111905
260 88.83053329111905
261 88.83053329111905
262 88.83053329111905
263 90.36593554303947
264 90.36593554303947
265 89.93574305166533
266 89.93574305166533
267 89.93574305166533
268 89.93574305166533
269 89.93574305166533
270 89.93574305166533
271 89.93574305166533
272 89.12454695309665
273 88.01691341099736
274 88.01691341099736
275 87.1859652954781
276 87.1859652954781
277 87.7303304897231
278 88.3172249688008
279 88.7379424524702
280 88.32950284242621
281 88.16697289574336
282 88.16697289574336
283 88.16697289574336
284 88.16697289574336
285 88.98878585119357
286 88.98878585119357
287 88.98878585119357
288 87.28837954065828
289 87.28837954065828
290 87.28837954065828
291 86.04276823550299
292 86.04276823550299
293 84.87903070838716
294 84.87903070838716
295 84.87903070838716
296 83.8064585346468
297 83.8064585346468
298 83.8064585346468
299 83.8064585346468
300 83.72404783822775
301 82.7077466023235
302 82.7077466023235
303 82.7077466023235
304 82.93463631475147
305 82.08968983651135
306 82.08968983651135
307 81.57480280297784
308 81.57480280297784
309 81.57480280297784
310 81.57480280297784
311 81.3238339280017
312 81.20791299754092
313 81.20791299754092
314 81.20791299754092
315 79.85009115713179
316 79.03855036893049
317 79.03855036893049
318 79.03855036893049
319 79.03855036893049
320 79.03855036893049
321 79.03855036893049
322 79.03855036893049
323 79.03855036893049
324 79.03855036893049
325 79.03855036893049
326 78.65030668516869
327 78.65030668516869
328 78.65030668516869
329 78.65030668516869
330 78.65030668516869
331 77.69190570739545
332 77.1517009052689
333 76.86456958918525
334 76.86456958918525
335 76.86456958918525
336 76.00920191094032
337 76.00920191094032
338 76.00920191094032
339 76.00920191094032
340 76.00920191094032
341 76.00920191094032
342 76.00920191094032
343 76.00920191094032
344 75.8227351355698
345 75.8227351355698
346 75.8227351355698
347 75.8227351355698
348 75.8227351355698
349 75.8227351355698
350 77.14922633152925
351 76.43797055300361
352 76.36994972943373
353 76.36994972943373
354 76.36994972943373
355 76.36994972943373
356 76.36994972943373
357 76.82407971850655
358 76.82407971850655
359 76.82407971850655
360 76.82407971850655
361 76.82407971850655
362 76.91048735005646
363 76.91048735005646
364 76.91048735005646
365 76.91048735005646
366 76.91048735005646
367 76.91048735005646
368 76.91048735005646
369 76.91048735005646
370 76.91048735005646
371 76.91048735005646
372 76.91048735005646
373 77.31979011517303
374 77.31979011517303
375 77.31979011517303
376 78.78557001343952
377 79.59135850181407
378 79.59135850181407
379 79.67297261977596
380 79.67297261977596
381 79.67297261977596
382 79.67297261977596
383 79.67297261977596
384 81.89299528372119
385 81.89299528372119
386 81.89299528372119
387 81.89299528372119
388 82.25446499239531
389 82.25446499239531
390 82.25446499239531
391 82.25446499239531
392 81.22717760029182
393 81.22717760029182
394 80.45730290997676
395 80.45730290997676
396 80.45730290997676
397 79.93494805005908
398 80.04833138543222
399 80.04833138543222
400 80.04833138543222
401 78.47369337620177
402 78.6056499041625
403 78.6056499041625
404 78.6056499041625
405 78.39657932464586
406 78.35047382620658
407 78.35047382620658
408 76.14733222076023
409 76.14733222076023
410 74.64510499577008
411 75.58992376595445
412 75.58992376595445
413 75.58992376595445
414 75.73058335087218
415 74.86376935938489
416 74.86376935938489
417 74.86376935938489
418 75.39863658596848
419 75.39863658596848
420 73.23402295513486
421 73.23402295513486
422 73.23402295513486
423 73.23402295513486
424 73.23402295513486
425 73.23402295513486
426 73.53860745035155
427 73.53860745035155
428 73.53860745035155
429 73.53860745035155
430 73.53860745035155
431 72.71805798943014
432 72.71805798943014
433 72.71805798943014
434 72.05933477985283
435 72.05933477985283
436 71.66909308852706
437 71.66909308852706
438 71.66909308852706
439 71.66909308852706
440 70.92219622857188
441 70.92219622857188
442 69.40737669013362
443 69.40737669013362
444 69.40737669013362
445 69.40737669013362
446 69.51724683390383
447 69.51724683390383
448 69.51724683390383
449 69.51724683390383
450 69.51724683390383
451 69.51724683390383
452 69.51724683390383
453 69.51724683390383
454 69.14045619954051
455 69.14045619954051
456 69.14045619954051
457 69.11224641640432
458 69.11224641640432
459 70.28399446615096
460 70.95013891526668
461 70.95013891526668
462 70.95013891526668
463 70.95013891526668
464 70.95013891526668
465 71.68348964648247
466 71.68348964648247
467 71.68348964648247
468 71.0383878763771
469 72.43906046291488
470 72.43906046291488
