0 286.0
1 220.5
2 182.0
3 169.0
4 142.0
5 151.83333333333326
6 166.0
7 167.0
8 135.38333333333335
9 137.4833333333333
10 114.4833333333334
11 112.27142857142867
12 99.88333333333343
13 99.0500000000001
14 90.49285714285723
15 89.76071428571433
16 103.36349206349212
17 103.94682539682546
18 108.61349206349216
19 107.36349206349215
20 114.87182539682543
21 120.63214285714284
22 105.5678571428571
23 106.07976190476184
24 106.07976190476184
25 122.0904761904762
26 145.9666666666666
27 145.9666666666666
28 130.19285714285718
29 130.19285714285718
30 101.45119047619049
31 94.00238095238097
32 94.00238095238097
33 94.00238095238097
34 84.76904761904764
35 84.76904761904764
36 93.42857142857149
37 89.127380952381
38 89.127380952381
39 89.127380952381
40 89.127380952381
41 89.127380952381
42 85.23809523809526
43 85.23809523809526
44 85.23809523809526
45 85.23809523809526
46 106.57142857142857
47 106.57142857142857
48 106.57142857142857
49 106.57142857142857
50 106.57142857142857
51 103.65238095238095
52 103.65238095238095
53 103.65238095238095
54 121.70000000000002
55 121.70000000000002
56 121.70000000000002
57 121.70000000000002
58 122.96666666666664
59 122.96666666666664
60 122.96666666666664
61 121.53333333333336
62 121.53333333333336
63 121.53333333333336
64 121.53333333333336
65 121.53333333333336
66 121.53333333333336
67 119.18333333333338
68 119.18333333333338
69 119.18333333333338
70 117.73333333333332
71 117.73333333333332
72 117.73333333333332
73 142.41666666666663
74 142.41666666666663
75 142.41666666666663
76 142.41666666666663
77 142.41666666666663
78 171.0
79 171.0
80 171.0
81 171.0
82 171.0
83 139.47420634920627
84 126.09523809523809
85 126.09523809523809
86 128.62380952380954
87 128.62380952380954
88 134.9714285714285
89 157.96666666666664
90 157.96666666666664
91 157.96666666666664
92 157.96666666666664
93 183.5
94 183.5
95 183.5
96 150.76666666666674
97 150.76666666666674
98 149.38492063492063
99 147.8063492063492
100 133.63492063492066
101 133.63492063492066
102 140.5
103 140.5
104 140.5
105 137.0
106 137.0
107 137.0
108 140.83333333333331
109 140.83333333333331
110 142.0
111 142.0
112 142.0
113 142.0
114 142.0
115 142.0
116 142.0
117 122.52081529581534
118 109.39141414141409
119 101.3801587301588
120 98.84981962481965
121 98.84981962481965
122 98.84981962481965
123 98.84981962481965
124 104.92619047619051
125 104.92619047619051
126 104.92619047619051
127 102.94325396825398
128 102.94325396825398
129 102.91666666666666
130 102.91666666666666
131 98.30753968253971
132 104.14047619047618
133 103.14047619047618
134 103.14047619047618
135 103.14047619047618
136 102.85634920634924
137 102.40238095238095
138 102.40238095238095
139 103.98571428571427
140 103.98571428571427
141 103.98571428571427
142 103.98571428571427
143 103.98571428571427
144 103.98571428571427
145 102.40238095238095
146 102.40238095238095
147 92.31428571428573
148 92.31428571428573
149 92.31428571428573
150 92.31428571428573
151 92.31428571428573
152 92.31428571428573
153 106.09047619047614
154 106.09047619047614
155 106.09047619047614
156 106.09047619047614
157 106.09047619047614
158 106.09047619047614
159 105.50714285714282
160 105.50714285714282
161 105.50714285714282
162 105.50714285714282
163 105.50714285714282
164 103.72380952380954
165 104.63095238095237
166 104.63095238095237
167 103.28095238095233
168 103.28095238095233
169 103.28095238095233
170 103.28095238095233
171 103.28095238095233
172 103.28095238095233
173 103.28095238095233
174 103.28095238095233
175 103.28095238095233
176 91.28095238095237
177 91.28095238095237
178 91.28095238095237
179 91.28095238095237
180 84.00476190476188
181 84.00476190476188
182 84.00476190476188
183 99.39761904761903
184 99.39761904761903
185 99.39761904761903
186 99.39761904761903
187 93.14761904761903
188 93.14761904761903
189 93.14761904761903
190 93.14761904761903
191 77.16190476190476
192 77.16190476190476
193 89.24999999999999
194 89.24999999999999
195 89.24999999999999
196 89.24999999999999
197 89.24999999999999
198 89.24999999999999
199 89.24999999999999
200 89.24999999999999
201 89.24999999999999
202 89.24999999999999
203 113.41666666666666
204 113.41666666666666
205 113.41666666666666
206 113.41666666666666
207 95.33333333333334
208 95.33333333333334
209 95.33333333333334
210 95.33333333333334
211 95.33333333333334
212 95.33333333333334
213 83.33333333333334
214 83.33333333333334
215 83.33333333333334
216 71.7357142857143
217 71.7357142857143
218 71.7357142857143
219 71.7357142857143
220 71.7357142857143
221 71.7357142857143
222 71.7357142857143
223 69.69523809523811
224 69.69523809523811
225 87.21190476190479
226 87.21190476190479
227 87.21190476190479
228 104.88333333333334
229 104.88333333333334
230 111.88333333333334
231 111.88333333333334
232 114.38333333333334
233 114.38333333333334
234 114.38333333333334
235 106.0
236 106.0
237 106.0
238 106.0
239 106.0
240 106.0
241 106.0
242 114.5
243 114.5
244 114.5
245 114.5
246 156.0
247 156.0
248 156.0
249 156.0
250 156.0
251 156.0
252 107.51666666666667
253 107.51666666666667
254 144.5
255 144.5
256 144.5
257 87.48333333333332
258 87.48333333333332
259 87.48333333333332
260 71.48333333333332
261 71.48333333333332
262 71.48333333333332
263 71.48333333333332
264 71.48333333333332
265 98.48333333333332
266 98.48333333333332
267 98.48333333333332
268 98.48333333333332
269 98.48333333333332
270 98.48333333333332
271 98.48333333333332
272 98.48333333333332
273 98.48333333333332
274 102.85
275 102.85
276 104.91666666666666
277 104.91666666666666
278 104.91666666666666
279 104.91666666666666
280 104.91666666666666
281 104.91666666666666
282 142.41666666666666
283 142.41666666666666
284 121.33333333333333
285 121.33333333333333
286 121.33333333333333
287 121.33333333333333
288 121.33333333333333
289 121.33333333333333
290 121.33333333333333
291 121.33333333333333
292 121.33333333333333
293 121.33333333333333
294 121.33333333333333
295 150.0
296 150.0
297 100.83333333333333
298 100.83333333333333
299 78.83333333333336
300 78.83333333333336
301 78.83333333333336
302 78.83333333333336
303 78.83333333333336
304 78.83333333333336
305 78.83333333333336
306 78.83333333333336
307 78.83333333333336
308 78.83333333333336
309 64.34841269841274
310 64.34841269841274
311 64.34841269841274
312 76.8261904761905
313 76.8261904761905
314 76.8261904761905
315 73.16666666666667
316 73.16666666666667
317 73.16666666666667
318 73.16666666666667
319 73.16666666666667
320 131.0
321 131.0
322 101.5
323 101.5
324 101.5
325 101.5
326 101.5
327 101.5
328 128.0
329 128.0
330 106.0
331 106.0
332 138.0
333 138.0
334 133.71035353535353
335 133.71035353535353
336 133.71035353535353
337 133.71035353535353
338 133.71035353535353
339 133.71035353535353
340 133.71035353535353
341 133.71035353535353
342 133.71035353535353
343 129.7702380952382
344 129.7702380952382
345 129.7702380952382
346 129.7702380952382
347 107.22269119769122
348 95.0119769119769
349 95.0119769119769
350 95.0119769119769
351 95.0119769119769
352 95.0119769119769
353 95.0119769119769
354 131.54531024531025
355 131.54531024531025
356 115.89466089466092
357 115.89466089466092
358 114.11688311688314
359 114.11688311688314
360 116.3744588744589
361 116.3744588744589
362 137.5
363 137.5
364 137.5
365 137.5
366 137.5
367 137.5
368 137.5
369 137.5
370 137.5
371 137.5
372 137.5
373 168.5
374 168.5
375 168.5
376 168.0
377 168.0
378 168.0
379 168.0
380 168.0
381 168.0
382 168.0
383 140.78333333333333
384 140.78333333333333
385 168.5
386 168.5
387 170.5
388 170.5
389 170.5
390 170.5
391 157.3752136752137
392 157.3752136752137
393 134.4668803418804
394 156.3752136752137
395 156.3752136752137
396 169.5
397 169.5
398 151.2457792207792
399 151.2457792207792
400 151.2457792207792
401 151.2457792207792
402 151.2457792207792
403 151.2457792207792
404 132.53189033189037
405 132.53189033189037
406 148.7861111111111
407 148.7861111111111
408 148.7861111111111
409 148.7861111111111
410 162.5
411 162.5
412 162.5
413 162.5
414 162.5
415 162.5
416 162.5
417 162.5
418 162.5
419 162.5
420 164.0
421 164.0
422 164.0
423 164.0
424 164.0
425 164.0
426 164.0
427 164.0
428 164.0
429 164.0
430 145.8695165945166
431 120.50992063492066
432 109.46507936507938
433 109.46507936507938
434 109.46507936507938
435 144.5
436 144.5
437 143.5
438 143.5
439 143.5
440 143.5
441 143.5
442 143.5
443 158.5
444 158.5
445 158.5
446 158.5
447 158.5
448 159.0
449 159.0
450 159.0
451 159.0
452 121.14999999999999
453 121.14999999999999
454 121.14999999999999
455 159.0
456 159.0
457 161.5
458 161.5
459 161.5
460 124.81360028860038
461 94.61035353535358
462 94.61035353535358
463 94.61035353535358
464 94.61035353535358
465 120.5
466 120.5
467 167.5
468 167.5
469 167.5
470 167.5
471 179.0
472 179.0
473 144.22788600288598
474 176.0
475 176.0
476 176.0
477 176.0
478 176.0
479 176.0
480 176.0
481 176.0
482 176.0
483 176.0
484 189.0
485 189.0
486 189.0
487 134.89880952380955
488 134.89880952380955
489 134.89880952380955
490 134.89880952380955
491 134.89880952380955
492 134.89880952380955
493 119.55025252525253
494 114.72784992784995
495 110.42983405483412
496 106.38661616161622
497 106.38661616161622
498 106.38661616161622
499 102.26525974025981
500 102.26525974025981
501 112.68787878787882
502 112.68787878787882
503 126.07954545454547
504 126.07954545454547
505 126.07954545454547
506 126.07954545454547
507 106.49101731601739
508 106.49101731601739
509 106.49101731601739
510 106.49101731601739
511 106.49101731601739
512 106.49101731601739
513 106.49101731601739
514 100.93733766233773
515 112.12990620490623
516 117.42041847041845
517 117.42041847041845
518 117.42041847041845
519 129.88488455988457
520 129.88488455988457
521 143.4
522 143.4
523 143.4
524 143.4
525 140.14999999999998
526 140.14999999999998
527 140.14999999999998
528 140.14999999999998
529 95.72171717171717
530 88.7376262626263
531 91.40429292929298
532 91.40429292929298
533 91.40429292929298
534 91.40429292929298
535 97.9876262626263
536 95.27215007215014
537 95.27215007215014
538 95.27215007215014
539 95.27215007215014
540 82.36396103896108
541 82.36396103896108
542 82.36396103896108
543 82.36396103896108
544 77.20862193362194
545 77.20862193362194
546 80.42012987012988
547 80.42012987012988
548 89.40108225108229
549 98.0628427128427
550 123.12831890331888
551 123.12831890331888
552 123.12831890331888
553 123.12831890331888
554 123.12831890331888
555 123.12831890331888
556 123.12831890331888
557 134.2854617604618
558 134.2854617604618
559 115.06085858585855
560 115.06085858585855
561 115.06085858585855
562 80.56201298701303
563 80.56201298701303
564 80.56201298701303
565 80.56201298701303
566 80.56201298701303
567 80.56201298701303
568 127.46994949494947
569 127.46994949494947
570 127.46994949494947
571 150.8309523809524
572 150.8309523809524
573 150.8309523809524
574 96.88214285714291
575 143.83095238095243
576 143.83095238095243
577 143.83095238095243
578 171.5
579 171.5
580 152.44444444444446
581 171.5
582 171.5
583 157.2267316017315
584 157.2267316017315
585 157.2267316017315
586 157.2267316017315
587 157.2267316017315
588 140.31756854256855
589 140.31756854256855
590 135.2317460317461
591 135.2317460317461
592 135.2317460317461
593 135.2317460317461
594 121.0083333333334
595 121.0083333333334
596 144.0
597 144.0
598 144.0
599 165.5
600 165.5
601 165.5
602 165.5
603 165.5
604 165.0
605 165.0
606 165.0
607 165.0
608 165.0
609 165.0
610 165.0
611 165.0
612 165.0
613 165.0
614 165.0
615 165.0
616 165.0
617 165.0
618 165.0
619 165.0
620 165.0
621 165.0
622 165.0
623 165.0
624 165.0
625 165.0
626 165.0
627 101.19365079365085
628 101.19365079365085
629 158.5
630 158.5
631 158.5
632 158.5
633 158.5
634 104.13019480519482
635 104.13019480519482
636 137.0
637 137.0
638 137.0
639 137.0
640 137.0
641 137.0
642 140.5
643 140.5
644 140.5
645 173.5
646 173.5
647 107.94805194805198
648 107.94805194805198
649 148.5
650 148.5
651 131.59902597402603
652 148.5
653 148.5
654 154.0
655 154.0
656 154.0
657 154.0
658 124.52950937950943
659 124.52950937950943
660 124.52950937950943
661 124.52950937950943
662 152.5
663 152.5
664 124.57561327561335
665 115.94404761904767
666 115.94404761904767
667 115.94404761904767
668 115.94404761904767
669 128.89761904761906
670 128.89761904761906
671 163.5
672 163.5
673 163.5
674 163.5
675 163.5
676 163.5
677 163.5
678 163.5
679 163.5
680 135.16666666666669
681 135.16666666666669
682 130.16666666666666
683 130.16666666666666
684 105.07355699855704
685 105.07355699855704
686 105.07355699855704
687 105.07355699855704
688 105.57355699855707
689 105.57355699855707
690 151.66666666666666
691 151.66666666666666
692 151.66666666666666
693 153.5
694 153.5
695 153.5
696 153.5
697 83.00000000000001
698 83.00000000000001
699 83.00000000000001
700 83.00000000000001
701 83.00000000000001
702 83.00000000000001
703 83.00000000000001
704 80.50000000000001
705 80.50000000000001
706 80.50000000000001
707 80.50000000000001
708 80.50000000000001
709 80.50000000000001
710 80.50000000000001
711 80.50000000000001
712 80.50000000000001
713 80.50000000000001
714 80.50000000000001
715 80.50000000000001
716 80.50000000000001
717 80.50000000000001
718 80.50000000000001
719 80.50000000000001
720 80.50000000000001
721 80.50000000000001
722 80.50000000000001
723 80.50000000000001
724 85.35419580419587
725 79.50000000000001
726 79.50000000000001
727 79.50000000000001
728 79.50000000000001
729 79.50000000000001
730 79.50000000000001
731 79.50000000000001
732 63.70808080808085
733 83.70808080808085
734 83.70808080808085
735 83.70808080808085
736 75.98427128427127
737 75.98427128427127
738 81.31158008658014
739 61.811580086580115
740 61.811580086580115
741 61.811580086580115
742 61.811580086580115
743 61.811580086580115
744 61.811580086580115
745 61.811580086580115
746 61.811580086580115
747 61.811580086580115
748 61.811580086580115
749 61.811580086580115
750 61.811580086580115
751 61.811580086580115
752 61.811580086580115
753 85.03538961038966
754 85.03538961038966
755 85.03538961038966
756 56.88538961038963
757 56.88538961038963
758 56.88538961038963
759 56.88538961038963
760 56.88538961038963
761 56.88538961038963
762 58.90674603174605
763 58.90674603174605
764 58.90674603174605
765 58.90674603174605
766 70.01190476190483
767 70.01190476190483
768 76.50238095238102
769 76.50238095238102
770 76.50238095238102
771 77.15912698412701
772 77.15912698412701
773 77.15912698412701
774 77.15912698412701
775 77.15912698412701
776 77.15912698412701
777 77.15912698412701
778 77.15912698412701
779 88.24880952380951
780 88.24880952380951
781 88.24880952380951
782 88.24880952380951
783 88.24880952380951
784 88.24880952380951
785 96.75952380952386
786 96.75952380952386
787 96.75952380952386
788 96.75952380952386
789 96.75952380952386
790 117.61230158730163
791 117.61230158730163
792 135.3587301587301
793 135.3587301587301
794 167.85873015873014
795 167.85873015873014
796 167.85873015873014
797 168.1420634920635
798 168.1420634920635
799 158.77738095238104
800 158.77738095238104
801 158.77738095238104
802 158.77738095238104
803 158.77738095238104
804 158.77738095238104
805 124.78145743145753
806 124.78145743145753
807 124.78145743145753
808 124.78145743145753
809 139.37828282828278
810 139.37828282828278
811 139.37828282828278
812 139.37828282828278
813 139.37828282828278
814 164.87420634920633
815 164.87420634920633
816 164.87420634920633
817 164.87420634920633
818 164.87420634920633
819 164.87420634920633
820 164.87420634920633
821 164.87420634920633
822 164.87420634920633
823 164.87420634920633
824 164.87420634920633
825 164.87420634920633
826 152.00158730158734
827 152.00158730158734
828 152.00158730158734
829 145.64206349206347
830 145.64206349206347
831 145.64206349206347
832 154.0
833 154.0
834 154.0
835 154.0
836 154.0
837 154.0
838 154.0
839 154.0
840 154.5
841 154.5
842 154.5
843 154.5
844 154.5
845 154.5
846 154.5
847 154.5
848 161.0
849 161.0
850 161.0
851 127.25324675324674
852 127.25324675324674
853 127.25324675324674
854 127.25324675324674
855 154.5
856 154.5
857 154.5
858 154.5
859 159.0
860 159.0
861 159.0
862 159.0
863 159.0
864 159.0
865 159.0
866 159.0
867 118.0
868 118.0
869 118.0
870 118.0
871 158.5
872 158.5
873 165.5
874 165.5
875 165.5
876 165.5
877 126.73333333333335
878 126.73333333333335
879 126.73333333333335
880 165.5
881 165.5
882 165.5
883 165.5
884 165.5
885 165.5
886 138.5
887 138.5
888 138.5
889 138.5
890 138.5
891 112.7205072705073
892 135.72050727050728
893 135.72050727050728
894 135.72050727050728
895 168.5
896 168.5
897 168.5
898 168.5
899 144.5
900 144.5
901 144.5
902 118.65000000000002
903 136.5
904 136.5
905 136.5
906 160.5
907 160.5
908 160.5
909 160.5
910 128.1
911 128.1
912 163.0
913 163.0
914 163.0
915 163.0
916 163.0
917 163.0
918 167.5
919 167.5
920 167.5
921 167.5
922 171.5
923 171.5
924 171.5
925 171.5
926 171.5
927 171.5
928 171.5
929 171.5
930 152.5
931 152.5
932 152.5
933 152.5
934 167.0
935 167.0
936 177.5
937 177.5
938 128.2896825396826
939 128.2896825396826
940 128.2896825396826
941 128.2896825396826
942 178.5
943 178.5
944 178.5
945 178.5
946 178.5
947 178.5
948 178.5
949 178.5
950 178.5
951 178.5
952 178.5
953 169.5
954 169.5
955 139.50000000000003
956 139.50000000000003
957 158.0
958 158.0
959 166.5
960 166.5
961 166.5
962 166.5
963 166.5
964 166.5
965 166.5
966 140.0
967 140.0
968 140.0
969 115.83333333333333
970 115.83333333333333
971 133.5
972 133.5
973 133.5
974 158.0
975 158.0
976 158.0
977 158.0
978 158.0
979 158.0
980 158.5
981 158.5
982 166.5
983 166.5
984 166.5
985 166.5
986 177.0
987 177.0
988 178.0
989 178.0
990 184.0
991 184.0
992 184.0
993 144.90800865800867
994 181.0
995 181.0
996 179.0
997 179.0
998 184.0
999 184.0
