0 352.0
1 350.0
2 335.5
3 315.5
4 300.5
5 291.5
6 271.0
7 255.5
8 256.5
9 251.5
10 247.0
11 244.0
12 244.0
13 236.0
14 217.5
15 208.5
16 194.0
17 181.0
18 172.0
19 156.5
20 162.5
21 147.5
22 143.5
23 138.5
24 137.5
25 128.5
26 136.33333333333334
27 134.83333333333334
28 134.83333333333334
29 134.83333333333334
30 130.33333333333334
31 128.33333333333334
32 119.33333333333334
33 118.83333333333334
34 111.83333333333334
35 108.33333333333334
36 99.08333333333331
37 99.08333333333331
38 98.83333333333331
39 95.86666666666666
40 95.86666666666666
41 95.86666666666666
42 94.86666666666666
43 94.2
44 92.7
45 91.48333333333336
46 91.48333333333336
47 86.98333333333335
48 85.98333333333335
49 85.98333333333335
50 85.98333333333335
51 85.98333333333335
52 88.98333333333335
53 88.98333333333335
54 87.66666666666669
55 87.57619047619048
56 87.57619047619048
57 82.57619047619046
58 81.57619047619046
59 81.57619047619046
60 82.87619047619046
61 80.37619047619046
62 79.74285714285713
63 77.74285714285713
64 76.24285714285713
65 74.74285714285713
66 74.74285714285713
67 74.74285714285713
68 74.74285714285713
69 74.24285714285713
70 74.24285714285713
71 73.24285714285713
72 73.24285714285713
73 73.24285714285713
74 73.24285714285713
75 71.74285714285713
76 72.87619047619046
77 77.37619047619047
78 77.37619047619047
79 77.37619047619047
80 76.87619047619047
81 76.87619047619047
82 76.29404761904765
83 76.29404761904765
84 76.29404761904765
85 76.29404761904765
86 76.29404761904765
87 73.29404761904763
88 74.79404761904763
89 74.49404761904763
90 72.99404761904763
91 72.99404761904763
92 72.49404761904763
93 72.49404761904763
94 72.49404761904763
95 72.49404761904763
96 72.49404761904763
97 72.49404761904763
98 72.49404761904763
99 71.66547619047623
100 71.66547619047623
101 71.66547619047623
102 71.66547619047623
103 71.66547619047623
104 71.66547619047623
105 71.66547619047623
106 71.66547619047623
107 71.66547619047623
108 71.66547619047623
109 68.99880952380956
110 68.99880952380956
111 68.99880952380956
112 68.99880952380956
113 68.99880952380956
114 70.31428571428573
115 70.31428571428573
116 70.31428571428573
117 70.31428571428573
118 70.31428571428573
119 65.83809523809526
120 65.83809523809526
121 65.83809523809526
122 65.83809523809526
123 65.83809523809526
124 65.83809523809526
125 65.83809523809526
126 65.83809523809526
127 67.1714285714286
128 67.1714285714286
129 67.1714285714286
130 67.1714285714286
131 67.1714285714286
132 67.1714285714286
133 67.1714285714286
134 67.1714285714286
135 67.1714285714286
136 67.1714285714286
137 67.1714285714286
138 67.1714285714286
139 67.1714285714286
140 67.1714285714286
141 67.1714285714286
142 67.1714285714286
143 67.1714285714286
144 67.1714285714286
145 67.1714285714286
146 67.1714285714286
147 67.1714285714286
148 67.1714285714286
149 67.1714285714286
150 67.1714285714286
151 67.1714285714286
152 67.1714285714286
153 67.1714285714286
154 67.1714285714286
155 67.1714285714286
156 67.1714285714286
157 67.1714285714286
158 67.1714285714286
159 67.1714285714286
160 67.1714285714286
161 67.1714285714286
162 67.1714285714286
163 67.1714285714286
164 67.1714285714286
165 67.1714285714286
166 67.1714285714286
167 67.1714285714286
168 67.1714285714286
169 67.1714285714286
170 67.1714285714286
171 67.1714285714286
172 67.1714285714286
173 67.1714285714286
174 68.17142857142859
175 68.17142857142859
176 68.17142857142859
177 68.17142857142859
178 73.06468253968256
179 73.72658730158732
180 73.72658730158732
181 73.72658730158732
182 73.72658730158732
183 73.72658730158732
184 72.94325396825398
185 72.94325396825398
186 72.94325396825398
187 72.94325396825398
188 72.94325396825398
189 72.94325396825398
190 73.44325396825398
191 73.44325396825398
192 73.44325396825398
193 73.44325396825398
194 73.44325396825398
195 73.44325396825398
196 73.44325396825398
197 73.44325396825398
198 73.44325396825398
199 73.44325396825398
200 73.44325396825398
201 73.44325396825398
202 73.44325396825398
203 73.44325396825398
204 73.44325396825398
205 73.44325396825398
206 73.44325396825398
207 72.94325396825398
208 72.94325396825398
209 72.94325396825398
210 72.94325396825398
211 72.94325396825398
212 72.94325396825398
213 72.94325396825398
214 72.94325396825398
215 72.94325396825398
216 72.94325396825398
217 72.94325396825398
218 72.94325396825398
219 72.94325396825398
220 72.92658730158733
221 72.92658730158733
222 72.92658730158733
223 72.92658730158733
224 72.92658730158733
225 72.92658730158733
226 72.92658730158733
227 72.42658730158733
228 72.42658730158733
229 72.42658730158733
230 72.42658730158733
231 72.42658730158733
232 72.92658730158733
233 72.92658730158733
234 72.92658730158733
235 72.92658730158733
236 72.92658730158733
237 72.92658730158733
238 72.42658730158733
239 72.42658730158733
240 72.42658730158733
241 72.42658730158733
242 72.42658730158733
243 72.42658730158733
244 72.42658730158733
245 72.42658730158733
246 67.30000000000001
247 67.30000000000001
248 67.30000000000001
249 67.30000000000001
250 67.30000000000001
251 63.96666666666667
252 63.96666666666667
253 63.96666666666667
254 63.96666666666667
255 63.96666666666667
256 63.96666666666667
257 61.916666666666664
258 61.916666666666664
259 61.916666666666664
260 61.916666666666664
261 61.916666666666664
262 61.916666666666664
263 61.916666666666664
264 61.916666666666664
265 62.009523809523834
266 62.009523809523834
267 62.009523809523834
268 62.009523809523834
269 62.009523809523834
270 62.009523809523834
271 62.009523809523834
272 62.009523809523834
273 62.009523809523834
274 62.009523809523834
275 62.009523809523834
276 62.009523809523834
277 62.009523809523834
278 62.009523809523834
279 62.1761904761905
280 62.1761904761905
281 62.1761904761905
282 62.1761904761905
283 62.1761904761905
284 62.1761904761905
285 62.1761904761905
286 62.1761904761905
287 62.1761904761905
288 62.1761904761905
289 62.1761904761905
290 62.1761904761905
291 62.1761904761905
292 62.1761904761905
293 62.1761904761905
294 62.1761904761905
295 62.1761904761905
296 62.1761904761905
297 62.1761904761905
298 62.1761904761905
299 62.1761904761905
300 62.1761904761905
301 62.1761904761905
302 62.1761904761905
303 62.1761904761905
304 62.1761904761905
305 62.1761904761905
306 62.1761904761905
