0 63.5
1 51.0
2 42.5
3 46.5
4 53.33333333333333
5 46.41666666666667
6 47.56666666666667
7 51.599999999999994
8 53.6
9 54.033333333333346
10 60.27261904761904
11 63.27142857142856
12 58.76468253968252
13 53.33910533910532
14 51.54408369408369
15 55.16431623931624
16 52.61406926406926
17 52.111502386502394
18 50.89809634809635
19 53.35836940836943
20 56.6804931179931
21 54.203360528360506
22 55.69092157842158
23 56.72928844031785
24 55.00574425574426
25 57.483933829328556
26 57.84554380518002
27 58.59050666619989
28 58.35047709428514
29 56.84386141426958
30 55.53635149138411
31 54.26412121578935
32 56.121894934320906
33 54.782758866819336
34 54.83688872695335
35 54.06160427478775
36 54.63614514977553
37 56.037146429496694
38 55.38887907810169
39 55.400839880445645
40 55.43996511487778
41 55.488578015140774
42 55.53641257435372
43 55.60890971226084
44 56.650181188397276
45 56.738389756555705
46 56.745738901195466
47 56.79700773443924
48 55.02591663078164
49 54.016594592005546
50 53.32997261533149
51 53.65117113891378
52 53.65117113891378
53 54.06395014886007
54 54.06395014886007
55 54.16967690170705
56 54.55385313441349
57 55.67024546729724
58 55.67024546729724
59 56.0883370363209
60 56.0883370363209
61 56.0883370363209
62 56.0883370363209
63 55.627681110726904
64 55.789307534759686
65 56.01415770969391
66 56.01415770969391
67 56.01415770969391
68 56.01415770969391
69 56.01415770969391
70 56.01415770969391
71 56.19441081567055
72 56.19441081567055
73 56.62964694820419
74 56.637755142256985
75 56.62964694820419
76 56.62964694820419
77 56.62964694820419
78 56.62964694820419
79 56.62964694820419
80 56.62964694820419
81 57.67437753539544
82 57.67437753539544
83 57.245424866252115
84 57.245424866252115
85 57.245424866252115
86 58.26134113172906
87 58.26134113172906
88 58.216918418996805
89 58.30162787819629
90 58.30162787819629
91 58.30162787819629
92 58.30162787819629
93 57.33125728104817
94 58.747007367517845
95 59.781208600579795
96 59.781208600579795
97 59.781208600579795
98 59.781208600579795
99 61.14876619517947
100 61.14876619517947
101 59.284610127436714
102 57.670946706304996
103 58.85860990860989
104 58.85860990860989
105 58.85860990860989
106 58.85860990860989
107 60.57484261925435
108 60.57484261925435
109 60.57484261925435
110 61.105801384318255
111 60.57484261925435
112 60.57484261925435
113 63.5
114 63.5
115 63.90983469363682
116 63.5
117 63.5
118 63.5
119 63.5
120 63.94829623209836
121 64.6288623040672
122 63.94792772342047
123 63.506174125314445
124 63.506174125314445
125 63.506174125314445
126 63.506174125314445
127 63.506174125314445
128 64.69903814204088
129 64.69903814204088
130 64.69903814204088
131 64.69903814204088
132 64.69903814204088
133 64.69903814204088
134 65.20425439876178
135 64.69747633499125
136 64.69747633499125
137 64.0
138 64.0
139 64.0
140 64.0
141 64.0
142 64.0
143 62.05423411129932
144 64.0
145 64.0
146 64.0
147 64.0
148 64.0
149 63.33666904444828
150 64.0
151 64.0
152 64.0
153 64.0
154 64.0
155 64.0
156 64.0
157 64.0
158 64.0
159 64.0
160 64.0
161 64.0
162 64.0
163 64.0
164 64.0
165 64.0
166 63.4696311979022
167 64.0
168 64.0
169 64.0
170 64.0
171 64.0
172 64.0
173 64.0
174 64.0
175 64.0
176 64.0
177 64.0
178 64.0
179 64.0
180 64.0
181 64.0
182 64.0
183 64.0
184 64.0
185 64.0
186 64.0
187 64.0
188 64.0
189 64.0
190 63.67047196190693
191 64.0
192 64.0
193 64.0
194 64.0
195 64.0
196 64.0
197 64.0
198 64.0
199 64.0
200 64.0
201 64.0
202 64.39759330735096
203 63.3365061979368
204 62.92698850525124
205 62.92698850525124
206 62.92698850525124
207 63.089764306216026
208 62.92667994057556
209 62.92667994057556
210 64.0
211 64.0
212 62.60541737588229
213 61.02607895910381
214 61.09366490857108
215 61.03538694469115
216 61.03538694469115
217 61.03538694469115
218 61.03538694469115
219 61.03538694469115
220 61.03538694469115
221 62.250654409828556
222 62.250654409828556
223 62.1048030503646
224 62.24742288338096
225 62.24742288338096
226 62.24742288338096
227 62.24742288338096
228 61.79339768132976
229 62.21669061470638
230 62.21669061470638
231 60.9139857172703
232 57.40864964647867
233 58.52406514821894
234 58.52406514821894
235 58.92757015552
236 59.60765370691596
237 59.67804247260731
238 59.283002586959405
239 59.283002586959405
240 59.283002586959405
241 59.283002586959405
242 59.283002586959405
243 58.21162393074084
244 58.01987212535105
245 58.01987212535105
246 56.2537543829611
247 56.51665022348376
248 55.84751151586715
249 55.84751151586715
250 55.55732385369002
251 55.55732385369002
252 55.55732385369002
253 55.55732385369002
254 56.08523568855845
255 56.24993430811936
256 56.63235857019326
257 56.38643249757202
258 56.38643249757202
259 56.38643249757202
260 56.38643249757202
261 56.38643249757202
262 56.009235990268465
263 56.009235990268465
264 56.009235990268465
265 56.009235990268465
266 55.43833804288552
267 55.43833804288552
268 56.39971560329792
269 56.39971560329792
270 57.78363467365756
271 57.78363467365756
272 57.78363467365756
273 55.20721454054918
274 56.733548773947255
275 56.733548773947255
276 56.04466219713772
277 56.161471910510635
278 56.06749148064905
279 56.06749148064905
280 56.774498981654006
281 56.774498981654006
282 56.774498981654006
283 56.774498981654006
284 56.774498981654006
285 53.53041458380279
286 57.43201717996149
287 54.58777112031974
288 56.31798216800845
289 56.31798216800845
290 60.12172462438247
291 60.12172462438247
292 60.12172462438247
293 60.12172462438247
294 60.12172462438247
295 60.12172462438247
296 60.12172462438247
297 57.00034336753414
298 57.08098828601797
299 56.96807364743361
300 56.96807364743361
301 56.96807364743361
302 56.96807364743361
303 56.96807364743361
304 56.96807364743361
305 56.96807364743361
306 59.83173145948049
307 59.83173145948049
308 63.0
309 63.0
310 59.68371691546394
311 52.52155878180377
312 54.42524208247891
313 54.42524208247891
314 54.42524208247891
315 49.66152630908823
316 48.260609357246366
317 47.41977113208726
318 47.41977113208726
319 47.41977113208726
320 46.65317360932285
321 47.05570186801799
322 47.05570186801799
323 47.05570186801799
324 47.05570186801799
325 47.929795595963064
326 47.34036620117992
327 46.540662789140015
328 46.540662789140015
329 46.714775285487356
330 46.714775285487356
331 46.714775285487356
332 46.822146191285455
333 46.822146191285455
334 46.822146191285455
335 46.73551551137032
336 46.25794978614724
337 46.25794978614724
338 46.34951263562719
339 46.34951263562719
340 46.34951263562719
341 47.19557130004499
342 47.19557130004499
343 48.41178266178266
344 48.41178266178266
345 48.41178266178266
346 51.29576184049867
347 51.29576184049867
348 50.077650837965656
349 51.2679840627209
350 51.2679840627209
351 51.2679840627209
352 51.2679840627209
353 51.2679840627209
354 63.0
355 63.0
356 63.0
357 63.0
358 63.0
359 63.0
360 63.0
361 63.0
362 63.0
363 63.0
364 63.0
365 63.0
366 63.0
367 63.0
368 63.0
369 63.0
370 63.0
371 63.0
372 63.0
373 63.0
374 63.0
375 63.0
376 63.0
377 63.0
378 63.0
379 63.0
380 63.0
381 63.28926060743694
382 54.79789242476202
383 52.36338049663897
384 50.33307384163957
385 54.716735026797224
386 54.43332908921143
387 54.43332908921143
388 54.43332908921143
389 54.43332908921143
390 56.98191526610641
391 56.98191526610641
392 56.98191526610641
393 56.98191526610641
394 56.98191526610641
395 63.0
396 63.0
397 63.0
398 63.0
399 63.0
400 63.0
401 63.0
402 63.601651114633924
403 61.8233416318299
404 61.706994793651845
405 63.49268225925801
406 63.49268225925801
407 63.49268225925801
408 57.810035921770364
409 52.06300249821464
410 52.06300249821464
411 56.937870899570626
412 56.937870899570626
413 56.548861426049505
414 56.548861426049505
415 51.617458497042016
416 51.617458497042016
417 51.617458497042016
418 51.617458497042016
419 51.67728758169934
420 51.67728758169934
421 55.42847805788981
422 55.42847805788981
423 62.0
424 62.0
425 58.68940585838501
426 51.9456178829421
427 51.9456178829421
428 51.9456178829421
429 52.86254432552386
430 52.86254432552386
431 52.86254432552386
432 52.86254432552386
433 62.0
434 62.0
435 62.0
436 62.0
437 62.0
438 62.0
439 55.4091617972362
440 62.0
441 62.0
442 62.0
443 62.0
444 62.0
445 62.0
446 62.0
447 62.0
448 62.0
449 62.0
450 62.0
451 62.0
452 62.0
453 54.100056472978295
454 54.14109105289949
455 53.39820837661975
456 54.061238960547406
457 54.061238960547406
458 53.93097954279854
459 53.92622784117327
460 53.92622784117327
461 53.92622784117327
462 53.70030603769115
463 62.10490875048038
464 62.10490875048038
465 62.10490875048038
466 55.32027886408036
467 55.46668466132059
468 55.46668466132059
469 55.46668466132059
470 55.539201480473785
471 55.539201480473785
472 62.5
473 62.5
474 62.5
475 62.5
476 62.5
477 57.096533291991605
478 56.634011693729164
479 57.0929008975966
480 57.0929008975966
481 57.0929008975966
482 57.0929008975966
483 57.0929008975966
484 57.0929008975966
485 61.0
486 61.0
487 61.296261675853856
488 59.366802957018045
489 59.05505715210827
490 59.05505715210827
491 61.0
492 61.0
493 61.0
494 61.0
495 61.0
496 61.0
497 61.0
498 61.0
499 61.0
500 61.0
501 61.0
502 61.0
503 61.0
504 61.0
505 61.0
506 61.0
507 61.0
508 61.0
509 54.15804720880559
510 60.0
511 60.0
512 61.0
513 61.0
514 61.0
515 61.0
516 61.0
517 61.0
518 61.0
519 61.8360618453019
520 55.83583062258847
521 61.8360838040195
522 61.8360838040195
523 61.8360838040195
524 61.8360838040195
525 58.54528698542193
526 61.83438359891303
527 61.83438359891303
528 61.83438359891303
529 61.83438359891303
530 58.89596584831172
531 58.3959941805181
532 57.55814989302035
533 57.55814989302035
534 57.55814989302035
535 57.501340669033176
536 56.17902132731567
537 56.16115783976602
538 56.16115783976602
539 57.564224719403704
540 57.564224719403704
541 57.564224719403704
542 60.21882693880804
543 60.21882693880804
544 60.21882693880804
545 60.21882693880804
546 60.21882693880804
547 61.0
548 61.0
549 61.0
550 61.0
551 61.0
552 61.0
553 61.0
554 59.94376172677639
555 61.0
556 61.0
557 61.0
558 61.0
559 61.0
560 61.0
561 58.36960097643039
562 53.7769258247139
563 54.5993621757679
564 54.5993621757679
565 54.5993621757679
566 54.5993621757679
567 60.0
568 60.0
569 60.0
570 60.0
571 60.0
572 60.0
573 55.67193726320673
574 60.0
575 60.0
576 60.0
577 60.0
578 54.858694553056935
579 60.0
580 60.0
581 60.0
582 60.0
583 60.0
584 60.0
585 63.0
586 63.0
587 63.665252203812976
588 54.1034766346625
589 53.41270632961809
590 53.41270632961809
591 53.41270632961809
592 53.64744977037368
593 53.753705036793264
594 53.753705036793264
595 60.0
596 60.0
597 60.0
598 60.0
599 60.0
600 60.0
601 60.0
602 60.0
603 60.0
604 60.0
605 55.707874875452866
606 60.0
607 60.0
608 60.0
609 60.0
610 60.0
611 60.0
612 60.0
613 60.0
614 56.66092535756156
615 60.0
616 60.0
617 60.0
618 60.0
619 60.0
620 60.0
621 60.0
622 60.0
623 60.22567449062844
624 61.07869749962399
625 56.52122479036387
626 55.67088984240794
627 55.67088984240794
628 55.67088984240794
629 55.67088984240794
630 55.67088984240794
631 62.22294617326974
632 62.22294617326974
633 62.22294617326974
634 62.0
635 62.0
636 61.74112393631487
637 57.3431885195996
638 57.35359319522352
639 57.35359319522352
640 57.35359319522352
641 57.96584778380298
642 56.3184384932015
643 54.203058269998174
644 53.584573905401506
645 53.584573905401506
646 53.584573905401506
647 53.584573905401506
648 55.69326251688301
649 55.69326251688301
650 55.69326251688301
651 55.69326251688301
652 55.69326251688301
653 55.69326251688301
654 55.69326251688301
655 55.69326251688301
656 55.69326251688301
657 55.69326251688301
658 55.69326251688301
659 57.48960523747114
660 57.48960523747114
661 57.48960523747114
662 57.48960523747114
663 57.48960523747114
664 57.48960523747114
665 57.48960523747114
666 50.81504827721253
667 50.81504827721253
668 57.32108813365992
669 57.32108813365992
670 57.32108813365992
671 57.32108813365992
672 57.32108813365992
673 55.97674096740678
674 51.17756527904007
675 55.976257875619346
676 55.976257875619346
677 57.32296667760501
678 57.32296667760501
679 60.0
680 60.0
681 60.0
682 60.0
683 60.0
684 60.0
685 60.0
686 60.0
687 55.52358548369597
688 59.5
689 59.5
690 59.5
691 59.5
692 59.5
693 61.0
694 61.0
695 61.0
696 61.0
697 61.0
698 61.0
699 61.0
700 61.031209332768526
701 61.0
702 61.0
703 61.0
704 61.0
705 61.0
706 55.11932277569074
707 59.5
708 59.5
709 59.5
710 59.5
711 59.5
712 59.5
713 59.5
714 59.5
715 59.5
716 59.5
717 59.5
718 59.5
719 59.5
720 52.98606711915535
721 59.5
722 59.5
723 59.5
724 59.5
725 59.5
726 59.5
727 62.5
728 62.5
729 62.5
730 62.5
731 62.5
732 62.5
733 62.40332415237367
734 62.5
735 62.5
736 62.5
737 62.5
738 62.5
739 62.5
740 62.5
741 62.5
742 62.5
743 62.5
744 62.5
745 62.5
746 62.5
747 62.5
748 62.5
749 62.41697259570436
750 62.5
751 62.5
752 62.5
753 64.0
754 64.0
755 64.0
756 64.0
757 64.0
758 58.63737430869784
759 53.197871747673766
760 59.170707642031175
761 59.170707642031175
762 59.170707642031175
763 59.170707642031175
764 59.170707642031175
765 59.170707642031175
766 59.170707642031175
767 63.0
768 63.0
769 63.0
770 63.0
771 63.0
772 63.0
773 63.0
774 63.0
775 56.39493033858332
776 56.38513598976105
777 56.393309312970366
778 56.393309312970366
779 56.393309312970366
780 56.393309312970366
781 60.0
782 60.0
783 60.0
784 59.80813510723593
785 59.69172766143881
786 59.8830098083422
787 59.8830098083422
788 60.0
789 60.0
790 60.0
791 60.0
792 60.0
793 60.0
794 60.0
795 60.0
796 60.0
797 60.0
798 60.0
799 60.0
800 60.0
801 60.0
802 60.0
803 60.0
804 60.0
805 60.0
806 60.0
807 62.0
808 62.0
809 62.0
810 62.0
811 62.0
812 62.0
813 54.19526716004811
814 60.0
815 60.0
816 60.0
817 60.0
818 60.0
819 57.24484595250593
820 60.0
821 60.0
822 60.0
823 60.0
824 60.0
825 60.0
826 60.0
827 60.0
828 60.0
829 55.21561515264186
830 60.0
831 60.0
832 55.48231084610541
833 55.48231084610541
834 55.48231084610541
835 55.48231084610541
836 55.48231084610541
837 55.48231084610541
838 55.48231084610541
839 55.48231084610541
840 54.557068389288055
841 52.19985495199697
842 51.69473759378222
843 51.50730954464107
844 51.565847177885914
845 51.565847177885914
846 52.35473013529313
847 52.35473013529313
848 52.966940329255316
849 51.38316088362269
850 51.38316088362269
851 49.92381027037181
852 49.358986300866846
853 48.92269997666053
854 49.05173661691637
855 49.05173661691637
856 49.05173661691637
857 49.05173661691637
858 49.5993121487552
859 49.5993121487552
860 51.056320685767155
861 51.056320685767155
862 50.814310663092236
863 50.95676623287559
864 50.95676623287559
865 50.95676623287559
866 49.50754712817007
867 49.50754712817007
868 48.598305382841
869 48.598305382841
870 49.695899711259514
871 49.695899711259514
872 49.695899711259514
873 49.695899711259514
874 49.695899711259514
875 49.695899711259514
876 49.695899711259514
877 50.94730663766642
878 50.94730663766642
879 50.94730663766642
880 51.55830028388079
881 51.55830028388079
882 48.97574424514827
883 48.97574424514827
884 49.2743863289639
885 47.79945022364105
886 47.79945022364105
887 47.79945022364105
888 47.54283939722055
889 47.54283939722055
890 47.9249777999778
891 47.9249777999778
892 49.46356421356422
893 49.46356421356422
894 48.29074485456065
895 48.29074485456065
896 48.29074485456065
897 48.29074485456065
898 46.81160019718844
899 46.81160019718844
900 46.81160019718844
901 46.81160019718844
902 46.81160019718844
903 46.81160019718844
904 46.81160019718844
905 46.81160019718844
906 46.81160019718844
907 46.81160019718844
908 46.81160019718844
909 48.47746142746142
910 48.47746142746142
911 50.54054834054834
912 50.54054834054834
913 50.54054834054834
914 50.54054834054834
915 50.54054834054834
916 50.54054834054834
917 50.54054834054834
918 49.398608172100076
919 48.166128969942186
920 48.166128969942186
921 48.90645743145743
922 48.90645743145743
923 49.54414813377977
924 48.99484126984127
925 48.99484126984127
926 50.095463996202405
927 48.09560003677608
928 48.09560003677608
929 50.68227560778974
930 50.68227560778974
931 50.68227560778974
932 49.65050505050505
933 49.65050505050505
934 49.65050505050505
935 52.14570707070707
936 52.14570707070707
937 53.51515151515151
938 53.51515151515151
939 53.51515151515151
940 54.452869406998374
941 60.91153747122439
942 60.91153747122439
943 60.91153747122439
944 60.0
945 60.0
946 60.0
947 60.0
948 60.0
949 60.0
950 60.0
951 60.0
952 60.0
953 60.0
954 60.0
955 60.0
956 60.0
957 60.0
958 60.0
959 60.0
960 60.0
961 60.0
962 60.0
963 60.0
964 55.13880709637287
965 60.0
966 60.0
967 58.182443486789566
968 58.8795426395506
969 58.208461075965054
970 58.208461075965054
971 58.208461075965054
972 58.208461075965054
973 60.0
974 60.0
975 60.0
976 59.95485845673043
977 53.276744529818835
978 53.276744529818835
979 53.276744529818835
980 53.276744529818835
981 53.276744529818835
982 53.21485306606576
983 53.21485306606576
984 52.76026063866807
985 52.5426386165596
986 52.74848275333017
987 52.74848275333017
988 59.29469528475472
989 59.29469528475472
990 55.97915412315618
991 59.31533052518593
992 59.31533052518593
993 59.31533052518593
994 59.31533052518593
995 58.22540555027104
996 58.710897474634194
997 58.710897474634194
998 58.710897474634194
999 58.710897474634194
