0 243.5
1 236.0
2 239.5
3 224.0
4 210.0
5 187.5
6 178.5
7 173.0
8 172.0
9 172.0
10 166.0
11 167.0
12 163.5
13 166.33333333333334
14 170.0
15 158.83333333333334
16 157.33333333333334
17 157.33333333333334
18 158.33333333333334
19 159.91666666666666
20 151.41666666666666
21 144.91666666666663
22 147.7833333333333
23 146.16666666666666
24 143.83333333333334
25 140.83333333333334
26 140.66666666666666
27 139.16666666666669
28 138.10952380952384
29 134.35952380952384
30 135.84285714285716
31 137.94285714285718
32 132.69285714285715
33 132.19285714285715
34 132.69285714285718
35 138.15952380952382
36 135.81666666666666
37 135.81666666666666
38 135.81666666666666
39 135.81666666666666
40 136.75238095238095
41 133.26904761904757
42 134.78571428571425
43 128.31904761904758
44 128.33571428571423
45 136.41904761904763
46 136.50238095238095
47 136.50238095238095
48 136.50238095238095
49 133.48571428571427
50 141.02619047619044
51 140.8857142857143
52 140.8123015873016
53 140.46230158730157
54 140.02420634920634
55 138.890873015873
56 136.6690476190476
57 138.50238095238095
58 141.89047619047616
59 146.7785714285714
60 140.43809523809523
61 144.77619047619044
62 148.36309523809518
63 148.8773809523809
64 148.8773809523809
65 148.8773809523809
66 149.16071428571422
67 150.070238095238
68 149.83452380952374
69 152.39999999999998
70 156.92070707070704
71 159.3040404040404
72 163.75476190476195
73 161.10595238095237
74 161.10595238095237
75 164.17261904761907
76 155.80833333333328
77 152.35396825396825
78 148.9594877344878
79 148.9594877344878
80 148.4594877344878
81 148.53091630591638
82 148.13329725829732
83 149.33596681096682
84 147.40292207792214
85 146.82288822288828
86 144.97526917526926
87 144.52923742923753
88 144.30701520701527
89 143.78241203241208
90 143.52649572649577
91 143.5806526806527
92 142.31289543789543
93 141.48948273948278
94 141.4898795648796
95 141.43987956487962
96 141.43987956487962
97 141.99345099345103
98 140.44345099345105
99 141.47857975357982
100 138.86588134088143
101 139.4845321345322
102 141.73157398157403
103 139.94117687867694
104 139.47451021201033
105 139.47451021201033
106 141.3649864024865
107 141.28832695082707
108 141.26332695082706
109 140.3022503640152
110 139.39337590514077
111 139.0890108257756
112 139.45238633915113
113 138.32540221216706
114 139.325402212167
115 139.5515926883575
116 139.46825935502414
117 138.17659268835743
118 138.95463131639605
119 139.6646797646798
120 139.19216061716062
121 139.13913031413034
122 138.8482378732379
123 138.2456254529784
124 138.2456254529784
125 138.1336957160487
126 140.76268176268184
127 139.29968664376563
128 140.69135331043236
129 145.60246442154343
130 148.24383949383952
131 148.08979908979907
132 147.93633098927214
133 148.13626993921108
134 148.01608734402848
135 148.00967708761823
136 148.01447506741619
137 147.5931152181152
138 147.75298312798313
139 147.6248834498834
140 147.5335275835276
141 147.51718281718283
142 147.98062770562765
143 147.45703920262739
144 147.4239389695271
145 147.03941516000327
146 145.82243075551892
147 145.8363196444078
148 146.9529113859995
149 149.0213596044477
150 148.78994934803745
151 148.90507311316128
152 148.8310943141824
153 147.69895145703958
154 148.09463681743082
155 147.30813443092848
156 147.13299845579252
157 147.34643640673045
158 147.57314858344267
159 147.63639824228056
160 147.88165225297575
161 146.6608296115649
162 148.23986438398205
163 146.91895612557374
164 145.24888453050207
165 146.45321353483115
166 146.01410819572575
167 145.07333442271516
168 145.6800083043891
169 146.0094039087847
170 146.21769284207363
171 146.22988277632243
172 145.9580798243724
173 143.0116512529438
174 141.70809123367167
175 139.62139991071874
176 138.9785968804157
177 138.9785968804157
178 138.56337044018926
179 138.56337044018926
180 138.5316396709585
181 138.51082783745315
182 138.4637261646162
183 138.5359483868384
184 138.31618726560674
185 138.62960717902664
186 138.73170442388707
187 139.05478681535178
188 139.04822115878622
189 138.7069665800316
190 139.37305947406566
191 139.49523387259453
192 138.8486526760133
193 140.3417928691535
194 140.16486562543056
195 139.6340464446114
196 141.01435881799648
197 140.62541997905768
198 141.62327411322764
199 140.151662456051
200 140.11074548688333
201 140.11074548688333
202 139.3805752915816
203 139.3805752915816
204 138.61677271558858
205 138.61677271558858
206 138.61677271558858
207 138.61677271558858
208 138.61677271558858
209 139.37878415186475
210 139.60734378023085
211 139.60734378023085
212 139.60734378023085
213 139.60734378023085
214 139.60734378023085
215 139.76536272207338
216 139.76536272207338
217 140.73082483134354
218 139.27640702692568
219 139.27640702692568
220 139.27640702692568
221 139.27640702692568
222 139.27640702692568
223 139.47287820280854
224 139.47287820280854
225 139.47287820280854
226 140.14016092009123
227 140.14016092009123
228 140.73138219881253
229 140.73138219881253
230 139.3336549260853
231 139.01592094438072
232 139.01592094438072
233 138.76898598219807
234 138.76898598219807
235 139.44900555412946
236 138.3618068481227
237 138.3618068481227
238 138.3618068481227
239 138.4051882646079
240 138.4051882646079
241 138.65498846440806
242 138.65498846440806
243 138.65498846440806
244 138.65498846440806
245 138.65498846440806
246 138.3086629761708
247 138.71191304825214
248 139.15396666457042
249 139.15396666457042
250 138.79152094036002
251 138.79152094036002
252 138.79152094036002
253 137.6616656649165
254 137.3883979926163
255 137.1825610234279
256 137.1825610234279
257 137.1825610234279
258 137.1825610234279
259 137.1825610234279
260 137.26288337565427
261 137.20542565879254
262 137.20542565879254
263 137.23543200865183
264 137.23543200865183
265 137.9966069018701
266 137.9966069018701
267 137.9966069018701
268 137.9966069018701
269 137.9966069018701
270 139.51943546219866
271 139.68285207224838
272 139.68285207224838
273 139.52871302804672
274 139.52871302804672
275 139.52871302804672
276 139.52871302804672
277 139.52871302804672
278 139.52871302804672
279 140.34855429788794
280 140.34855429788794
281 140.34855429788794
282 140.34855429788794
283 141.65966540899907
284 141.65966540899907
285 141.65966540899907
286 142.00271366191575
287 142.00271366191575
288 142.00271366191575
289 142.00271366191575
290 141.385718239038
291 141.7221218680887
292 141.7221218680887
293 141.7221218680887
294 141.7221218680887
295 141.7221218680887
296 141.7221218680887
297 141.7221218680887
298 141.7221218680887
299 141.37954222550908
300 141.37954222550908
301 141.71682977456132
302 141.71682977456132
303 141.71682977456132
304 141.71682977456132
305 142.70636801409958
306 142.70636801409958
307 142.70636801409958
308 141.37124382456355
309 139.73241876073854
310 140.37899163231134
311 140.37899163231134
312 138.65717456049424
313 138.65717456049424
314 140.3230475763673
315 140.3230475763673
316 140.3230475763673
317 140.3230475763673
318 140.57945783277756
319 139.95877924665788
320 140.07484512522382
321 140.07484512522382
322 140.07484512522382
323 139.41681149219016
324 139.41681149219016
325 139.41846261884126
326 139.41846261884126
327 139.41846261884126
328 139.41846261884126
329 139.1996371632511
330 139.1996371632511
331 139.55220306140527
332 139.55220306140527
333 139.55220306140527
334 139.89307387359952
335 139.89307387359952
336 138.22538600591162
337 137.32451424695168
338 137.32451424695168
339 137.32451424695168
340 137.32451424695168
341 137.32451424695168
342 137.32451424695168
343 138.23701489989352
344 138.23701489989352
345 137.42310462715974
346 138.15330806534377
347 138.15061215014785
348 138.15061215014785
349 137.822970347506
350 137.822970347506
351 137.822970347506
352 137.822970347506
353 137.822970347506
354 136.7116483516484
355 136.7116483516484
356 135.93341325341325
357 135.93341325341325
358 135.93341325341325
359 137.0166994116994
360 135.67154456654458
361 135.67154456654458
362 135.67154456654458
363 135.67154456654458
364 135.67154456654458
365 135.93413752913756
366 135.93413752913756
367 135.9911516373204
368 138.11575481192358
369 138.11575481192358
370 138.11575481192358
371 138.37803893303118
372 138.37803893303118
373 138.37803893303118
374 138.37803893303118
375 138.37803893303118
376 139.34319775082156
377 138.41018354280732
378 138.41018354280732
379 138.41018354280732
380 138.41018354280732
381 139.048588193712
382 139.0364283059935
383 139.0364283059935
384 139.0364283059935
385 139.0364283059935
386 139.0364283059935
387 139.0364283059935
388 138.85900439429852
389 138.98074882032316
390 138.98074882032316
391 138.98074882032316
392 140.1856023001766
393 139.18150898121488
394 139.18150898121488
395 139.18150898121488
396 140.08291590762184
397 140.08291590762184
398 140.08291590762184
399 140.83023109243703
400 140.83023109243703
401 140.83023109243703
402 140.83023109243703
403 140.83023109243703
404 140.83023109243703
405 140.83023109243703
406 140.83023109243703
407 140.83023109243703
408 140.81958895679486
409 140.81958895679486
410 140.81958895679486
411 142.91839848060442
412 142.91839848060442
413 143.40345509066103
414 143.40345509066103
415 143.40345509066103
416 143.40345509066103
417 143.40345509066103
418 143.40345509066103
419 143.2766412182589
420 143.2766412182589
421 141.43573212734975
422 141.43573212734975
423 142.31390673052437
424 143.82219288881058
425 144.01586004466813
426 144.01586004466813
427 140.90828428709239
428 140.90828428709239
429 140.90828428709239
430 140.90828428709239
431 141.07718760599573
432 141.07718760599573
433 141.07718760599573
434 141.07718760599573
435 140.73435821316633
436 144.06029616410427
437 144.06029616410427
438 144.06029616410427
439 143.30178245559054
440 143.30178245559054
441 143.30178245559054
442 143.30178245559054
443 143.30178245559054
444 143.2520603639567
445 143.2520603639567
446 143.2520603639567
447 143.42857551547183
448 143.42857551547183
449 143.42857551547183
450 143.42857551547183
451 140.5882436251399
452 140.5882436251399
453 140.39176253485076
454 140.39176253485076
455 140.39176253485076
456 142.29385488694314
457 142.29385488694314
458 144.49147393456218
459 144.49147393456218
460 144.49147393456218
461 144.49147393456218
462 143.04236830163305
463 141.72919258845738
464 141.72919258845738
465 140.9238434767847
466 140.9238434767847
467 140.9238434767847
468 140.9238434767847
469 141.74137594431716
470 141.74137594431716
471 141.74137594431716
472 140.8664001031648
473 140.8664001031648
474 140.8664001031648
475 140.8664001031648
476 140.8664001031648
477 139.94442942678234
478 140.8164001031648
479 140.8164001031648
480 140.8164001031648
481 140.97373402741047
482 140.97373402741047
483 140.97373402741047
484 140.97373402741047
485 141.06047563547565
486 141.06047563547565
487 141.06047563547565
488 138.91047563547562
489 138.91047563547562
490 138.91047563547562
491 138.91047563547562
492 138.91047563547562
493 138.91047563547562
494 138.91047563547562
495 138.91047563547562
496 138.91047563547562
497 140.32714230214233
498 140.32714230214233
499 140.32714230214233
500 140.32714230214233
501 140.32714230214233
502 140.32714230214233
503 140.32714230214233
504 140.32714230214233
505 140.32714230214233
506 140.32714230214233
507 140.8585481898563
508 141.57997676128485
509 141.57997676128485
510 141.50650023780832
511 141.50650023780832
512 141.50650023780832
513 141.62515103145913
514 141.62515103145913
515 141.62515103145913
516 141.62515103145913
517 141.62515103145913
518 140.51339889470697
519 140.51339889470697
520 140.51339889470697
521 140.51339889470697
522 139.19444562575367
523 139.19444562575367
524 141.5241945747751
525 141.29998822556874
526 141.5241945747751
527 141.5241945747751
528 141.23406685333933
529 141.23406685333933
530 141.86898887576137
531 142.01419456039403
532 141.67868978738923
533 141.67868978738923
534 141.67868978738923
535 141.5334841027566
536 141.5334841027566
537 141.32619555796805
538 142.90568134995385
539 135.73345912773163
540 135.73345912773163
541 135.73345912773163
542 135.73345912773163
543 135.73345912773163
544 135.73345912773163
545 135.73345912773163
546 135.73345912773163
547 135.73345912773163
548 135.73345912773163
549 133.65593850593856
550 133.65593850593856
551 133.65593850593856
552 134.79055944055946
553 134.79055944055946
554 134.79055944055946
555 134.79055944055946
556 135.55682928182932
557 134.18685203685206
558 134.18685203685206
559 134.18685203685206
560 134.18685203685206
561 134.0328358148897
562 134.18685203685206
563 134.18685203685206
564 135.00043795557727
565 135.99791131555062
566 136.31821323585257
567 136.31821323585257
568 136.31821323585257
569 136.31821323585257
570 136.31821323585257
571 137.06027672791606
572 137.06027672791606
573 137.06027672791606
574 137.8055148231542
575 137.8055148231542
576 137.8055148231542
577 137.8055148231542
578 137.8055148231542
579 137.8055148231542
580 137.635912187228
581 137.635912187228
582 136.66615884115882
583 136.66615884115882
584 136.66615884115882
585 136.66615884115882
586 140.66615884115882
587 140.66615884115882
588 140.66615884115882
589 140.66615884115882
590 140.66615884115882
591 141.72330169830164
592 141.72330169830164
593 141.8069703559254
594 141.79176101676094
595 141.79176101676094
596 141.79176101676094
597 141.79176101676094
598 141.79176101676094
599 141.79176101676094
600 141.79176101676094
601 141.79176101676094
602 141.79176101676094
603 141.79176101676094
604 141.10967920967914
605 141.10967920967914
606 141.10967920967914
607 139.40454488322132
608 140.07121154988803
609 140.07121154988803
610 140.07121154988803
611 140.07121154988803
612 140.07121154988803
613 140.07121154988803
614 140.07121154988803
615 139.6696682402564
616 139.6696682402564
617 139.6696682402564
618 138.25325409884226
619 139.65383129941947
620 139.65383129941947
621 139.65383129941947
622 139.65383129941947
623 140.9101874432756
624 142.14031385281382
625 142.14031385281382
626 142.14031385281382
627 141.38198051948044
628 140.12820235320228
629 140.12820235320228
630 141.17977855477847
631 141.17977855477847
632 141.17977855477847
633 141.17977855477847
634 141.17977855477847
635 141.80834998334993
636 141.80834998334993
637 141.80834998334993
638 141.80834998334993
639 141.80834998334993
640 141.80834998334993
641 141.80834998334993
642 141.22485569985565
643 141.22485569985565
644 141.983189033189
645 141.983189033189
646 141.983189033189
647 143.43632756132752
648 143.43632756132752
649 143.43632756132752
650 143.43632756132752
651 143.43632756132752
652 144.4710317460317
653 144.4710317460317
654 144.4710317460317
655 144.4710317460317
656 144.4710317460317
657 142.3324314574314
658 133.83243145743148
659 133.83243145743148
660 133.83243145743148
661 133.57387612387623
662 133.57387612387623
663 133.57387612387623
664 133.57387612387623
665 133.57387612387623
666 146.10720945720945
667 145.96570374070373
668 145.96570374070373
669 145.96570374070373
670 146.16637529137523
671 146.16637529137523
672 147.05443445443436
673 147.05443445443436
674 148.2738788988788
675 148.2738788988788
676 148.2738788988788
677 146.35506023700535
678 146.24813938008455
679 146.24813938008455
680 146.24813938008455
681 146.24813938008455
682 146.24813938008455
683 147.10634228828746
684 147.10634228828746
685 147.10634228828746
686 149.0251609501609
687 149.0251609501609
688 149.0251609501609
689 149.157862970363
690 149.157862970363
691 152.007862970363
692 152.007862970363
693 152.007862970363
694 151.99464146964146
695 151.99464146964146
696 151.99464146964146
697 151.99464146964146
698 151.99464146964146
699 151.99464146964146
700 152.92456987456987
701 152.11666111666113
702 152.11666111666113
703 152.11666111666113
704 145.19999444999448
705 142.66745476745476
706 143.7841000502765
707 146.31663973281616
708 146.31663973281616
709 144.72735401853052
710 144.72735401853052
711 144.72735401853052
712 146.20623069740714
713 146.20623069740714
714 141.60623069740714
715 139.48004022121668
716 139.56983602482833
717 139.56983602482833
718 139.56983602482833
719 142.6031693581616
720 142.6031693581616
721 142.6031693581616
722 142.55288769537995
723 142.55288769537995
724 142.55288769537995
725 142.55288769537995
726 142.55288769537995
727 142.55288769537995
728 142.49257753770138
729 142.49257753770138
730 142.49257753770138
731 142.49257753770138
732 142.49257753770138
733 142.49257753770138
734 143.07591087103472
735 143.07591087103472
736 143.07591087103472
737 143.07591087103472
738 143.07591087103472
739 143.07591087103472
740 143.07591087103472
741 143.07591087103472
742 143.07591087103472
743 143.07591087103472
744 140.82858042370427
745 144.4381042332281
746 144.4381042332281
747 144.4381042332281
748 144.4381042332281
749 143.37225747678536
750 144.54163809616594
751 145.8074848526087
752 145.8074848526087
753 145.8074848526087
754 145.87718839468064
755 145.87718839468064
756 145.87718839468064
757 145.87718839468064
758 145.87718839468064
759 145.87718839468064
760 145.87718839468064
761 148.09118550867774
762 148.09118550867774
763 145.88794985544212
764 147.36778837777285
765 147.36778837777285
766 147.36778837777285
767 149.0254140853986
768 149.0254140853986
769 149.0254140853986
770 147.60046342546337
771 147.60046342546337
772 147.60046342546337
773 147.60046342546337
774 147.60046342546337
775 147.54681984681983
776 147.54681984681983
777 147.54681984681983
778 154.54681984681983
779 154.54681984681983
780 154.54681984681983
781 154.54681984681983
782 154.91943889443885
783 154.91943889443885
784 153.4767038517039
785 153.4767038517039
786 150.86162448662455
787 150.86162448662455
788 150.86162448662455
789 150.26587301587307
790 150.26587301587307
791 150.26587301587307
792 148.69126984126984
793 148.69126984126984
794 148.69126984126984
795 148.69126984126984
796 148.69126984126984
797 148.69126984126984
798 148.69126984126984
799 148.69126984126984
800 148.69126984126984
801 148.69126984126984
802 148.69126984126984
803 150.3579365079365
804 150.3579365079365
