0 352.0
1 343.5
2 352.0
3 332.5
4 330.5
5 317.0
6 303.5
7 290.5
8 277.5
9 273.5
10 261.5
11 255.0
12 254.0
13 244.0
14 238.5
15 242.1666666666667
16 243.1666666666667
17 238.6666666666667
18 241.0
19 235.66666666666666
20 234.16666666666666
21 233.66666666666666
22 231.16666666666666
23 229.16666666666666
24 225.16666666666666
25 222.66666666666666
26 227.66666666666666
27 224.33333333333331
28 230.3357142857143
29 232.3166666666666
30 232.2166666666666
31 231.7166666666666
32 225.8833333333333
33 231.9499999999999
34 226.29999999999998
35 226.29999999999998
36 225.79999999999998
37 217.79999999999998
38 216.23333333333332
39 222.23333333333332
40 219.23333333333332
41 217.05000000000007
42 217.05000000000007
43 217.05000000000007
44 209.38333333333338
45 207.88333333333335
46 205.04999999999998
47 205.04999999999998
48 204.04999999999998
49 205.09523809523802
50 202.48333333333332
51 201.99999999999997
52 198.49999999999997
53 195.83333333333331
54 197.34999999999997
55 192.65
56 194.4166666666667
57 194.4166666666667
58 187.4166666666667
59 187.3333333333334
60 185.8333333333334
61 185.45000000000007
62 185.45000000000007
63 185.45000000000007
64 185.45000000000007
65 185.42380952380952
66 185.39047619047622
67 185.64047619047622
68 197.80714285714288
69 198.84047619047618
70 190.80714285714288
71 191.5904761904762
72 188.70000000000005
73 184.70000000000002
74 184.61666666666667
75 184.602380952381
76 185.102380952381
77 189.05238095238101
78 186.35714285714292
79 186.35714285714292
80 190.1880952380953
81 192.3380952380953
82 192.53095238095244
83 190.49404761904768
84 190.49404761904768
85 186.73452380952384
86 189.73452380952384
87 186.95119047619053
88 180.6178571428572
89 179.8511904761905
90 180.26785714285717
91 180.26785714285717
92 181.11785714285713
93 181.11785714285713
94 181.6345238095238
95 181.5650793650794
96 181.5650793650794
97 181.5650793650794
98 179.54841269841273
99 179.7507936507937
100 178.0769841269842
101 179.7936507936509
102 179.7936507936509
103 182.42698412698422
104 182.42698412698422
105 182.42698412698422
106 184.66031746031757
107 184.66031746031757
108 181.1519841269842
109 181.1519841269842
110 181.1519841269842
111 181.1519841269842
112 181.1519841269842
113 181.1519841269842
114 181.1519841269842
115 179.6519841269842
116 179.6519841269842
117 182.6519841269842
118 182.6519841269842
119 182.6519841269842
120 182.6519841269842
121 182.6519841269842
122 182.6519841269842
123 182.6519841269842
124 186.1519841269842
125 186.1519841269842
126 172.6686507936508
127 172.6686507936508
128 170.5686507936508
129 170.5686507936508
130 174.8019841269842
131 174.8019841269842
132 174.8019841269842
133 176.2392857142858
134 176.2392857142858
135 174.27261904761914
136 174.27261904761914
137 174.7880952380953
138 174.7880952380953
139 171.42896825396835
140 174.79404761904766
141 174.79404761904766
142 174.79404761904766
143 175.65992063492067
144 174.79404761904766
145 174.79404761904766
146 174.79404761904766
147 174.79404761904766
148 174.79404761904766
149 174.79404761904766
150 174.79404761904766
151 175.05238095238104
152 175.05238095238104
153 175.05238095238104
154 175.05238095238104
155 177.12857142857152
156 177.12857142857152
157 177.12857142857152
158 177.12857142857152
159 172.2952380952382
160 172.2952380952382
161 174.4357142857144
162 174.4357142857144
163 174.4357142857144
164 174.4357142857144
165 173.26626984126997
166 174.79960317460325
167 174.79960317460325
168 174.79960317460325
169 174.79960317460325
170 175.96904761904764
171 175.96904761904764
172 179.30238095238096
173 179.30238095238096
174 179.30238095238096
175 179.3857142857143
176 179.3857142857143
177 179.3857142857143
178 179.3857142857143
179 185.01904761904765
180 185.01904761904765
181 185.01904761904765
182 180.102380952381
183 180.102380952381
184 183.4357142857143
185 183.4357142857143
186 183.4357142857143
187 184.21666666666667
188 184.21666666666667
189 185.24999999999994
190 185.24999999999994
191 182.66666666666666
192 182.66666666666666
193 182.66666666666666
194 182.66666666666666
195 181.6333333333333
196 181.6333333333333
197 181.6333333333333
198 181.6333333333333
199 172.51904761904763
200 162.65238095238095
201 162.65238095238095
202 162.65238095238095
203 162.65238095238095
204 162.65238095238095
205 162.65238095238095
206 162.65238095238095
207 164.15238095238092
208 164.15238095238092
209 160.1083333333333
210 160.1083333333333
211 157.4107142857143
212 155.38095238095244
213 155.38095238095244
214 155.38095238095244
215 155.38095238095244
216 155.38095238095244
217 149.20357142857148
218 149.20357142857148
219 150.5321428571429
220 150.5321428571429
221 150.5321428571429
222 150.5321428571429
223 150.5321428571429
224 152.61190476190475
225 152.61190476190475
226 152.61190476190475
227 152.61190476190475
228 152.61190476190475
229 147.29285714285712
230 147.29285714285712
231 147.29285714285712
232 147.29285714285712
233 147.29285714285712
234 146.12619047619043
235 146.12619047619043
236 146.12619047619043
237 146.12619047619043
238 146.12619047619043
239 146.12619047619043
240 146.12619047619043
241 146.20952380952377
242 146.20952380952377
243 146.20952380952377
244 146.20952380952377
245 146.20952380952377
246 148.41666666666666
247 148.41666666666666
248 148.41666666666666
249 148.41666666666666
250 148.41666666666666
251 148.41666666666666
252 148.41666666666666
253 147.41666666666666
254 147.41666666666666
255 154.16666666666666
256 154.16666666666666
257 154.16666666666666
258 154.59209956709955
259 154.16666666666666
260 154.16666666666666
261 154.16666666666666
262 154.16666666666666
263 154.16666666666666
264 154.16666666666666
265 154.16666666666666
266 154.16666666666666
267 154.16666666666666
268 148.51666666666665
269 150.35
270 150.35
271 150.35
272 156.0
273 156.0
274 156.0
275 156.0
276 156.0
277 158.0
278 158.0
279 154.14880952380958
280 155.14880952380958
281 155.14880952380958
282 155.14880952380958
283 155.14880952380958
284 153.14880952380958
285 153.14880952380958
286 153.14880952380958
287 159.14880952380958
288 159.14880952380958
289 163.0
290 163.0
291 163.0
292 163.0
293 169.0
294 169.0
295 169.0
296 169.0
297 180.0
298 180.0
299 192.0
300 192.0
301 192.0
302 192.0
303 192.0
304 192.0
305 181.0
306 181.0
307 181.0
308 181.0
309 188.0
310 188.0
311 194.0
312 194.0
313 194.0
314 186.5
315 186.5
316 177.33333333333334
317 184.83333333333334
318 184.83333333333334
319 192.33333333333334
320 192.33333333333334
321 192.33333333333334
322 192.33333333333334
323 209.5
324 209.5
325 209.5
326 209.5
327 209.5
328 209.5
329 209.5
330 209.5
331 208.00400432900435
332 209.5
333 209.5
334 209.5
335 209.5
336 209.5
337 209.5
338 201.66666666666666
339 201.66666666666666
340 201.66666666666666
341 201.66666666666666
342 199.5
343 199.5
344 202.16666666666666
345 202.16666666666666
346 209.5
347 209.5
348 210.0
349 210.0
350 210.0
351 209.5
352 209.5
353 209.5
354 209.5
355 209.5
356 208.5
357 208.5
358 208.5
359 208.5
360 208.5
361 208.5
362 208.5
363 208.5
364 208.5
365 208.5
366 208.5
367 208.5
368 199.5
369 199.5
370 199.5
371 207.0
372 207.0
373 207.0
374 192.5
375 192.5
376 192.5
377 200.5
378 200.5
379 200.5
380 200.5
381 200.5
382 200.5
383 200.5
384 200.5
385 200.5
386 195.49166666666667
387 182.49166666666665
388 182.49166666666665
389 182.49166666666665
390 194.99166666666667
391 194.99166666666667
392 194.99166666666667
393 199.0
394 199.0
395 199.0
396 199.0
397 199.0
398 199.0
399 199.0
400 199.0
401 207.0
402 207.0
403 207.0
404 207.0
405 198.5
406 198.5
407 205.0
408 205.0
409 190.0
410 190.0
411 187.43452380952382
412 181.60119047619048
413 181.60119047619048
414 181.60119047619048
415 181.60119047619048
416 181.60119047619048
417 181.60119047619048
418 181.60119047619048
419 184.16666666666666
420 184.16666666666666
421 184.16666666666666
422 184.16666666666666
423 184.16666666666666
424 190.0
425 190.0
426 190.0
427 190.0
428 190.0
429 198.5
430 198.5
431 198.5
432 198.5
433 197.33333333333334
434 197.33333333333334
435 197.33333333333334
436 197.33333333333334
437 197.33333333333334
438 200.0
439 200.0
440 200.0
441 186.5
442 186.5
443 186.5
444 186.5
445 203.5
446 203.5
447 203.5
448 203.5
449 203.5
450 203.5
451 203.5
452 203.5
453 203.5
454 194.5
455 194.5
456 194.5
457 202.5
458 202.5
459 202.5
460 202.5
461 202.5
462 202.5
463 199.5
464 199.5
465 206.5
466 206.5
467 206.5
468 206.5
469 206.5
470 206.5
471 206.5
472 206.5
473 206.5
474 206.5
475 206.5
476 197.0
477 197.0
478 197.0
479 186.75
480 197.0
481 197.0
482 197.0
483 197.0
484 197.0
485 206.5
486 206.5
487 206.5
488 201.0
489 201.0
490 201.0
491 201.0
492 201.0
493 201.0
494 201.0
495 201.0
496 201.0
497 208.5
498 208.5
499 208.5
500 217.0
501 217.0
502 217.0
503 217.0
504 217.0
505 206.5
506 206.5
507 202.37063492063493
508 211.8706349206349
509 211.8706349206349
510 195.3706349206349
511 195.3706349206349
512 199.5
513 199.5
514 199.5
515 199.5
516 199.5
517 207.5
518 207.5
519 207.5
520 207.5
521 207.5
522 207.5
523 207.5
524 207.5
525 207.5
526 207.5
527 207.5
528 207.5
529 207.5
530 207.5
531 200.5
532 200.5
533 200.5
534 200.24173881673886
535 200.5
536 200.5
537 207.5
538 207.5
539 207.5
540 209.0
541 209.0
542 209.5
543 209.5
544 209.83333333333334
545 209.83333333333334
546 209.83333333333334
547 209.83333333333334
548 209.5
549 209.5
550 209.5
551 209.5
552 209.5
553 209.5
554 209.5
555 209.5
556 209.5
557 209.5
558 206.5
559 206.5
560 206.5
561 206.5
562 207.5
563 207.5
564 207.5
565 207.5
566 207.5
567 198.5
568 198.5
569 198.5
570 206.5
571 206.5
572 206.5
573 206.5
574 206.5
575 215.0
576 215.0
577 215.0
578 215.0
579 215.0
580 215.0
581 215.0
582 215.0
583 215.0
584 215.0
585 215.0
586 215.0
587 215.0
588 215.5
589 215.5
590 215.5
591 215.5
592 215.5
593 211.0
594 211.0
595 211.0
596 211.0
597 212.5
598 212.5
599 212.5
600 211.0
601 211.0
602 218.5
603 218.5
604 216.7
605 212.7
606 212.7
607 193.19999999999996
608 193.19999999999996
609 193.2595238095238
610 193.2595238095238
611 198.29285714285714
612 198.29285714285714
613 198.29285714285714
614 198.29285714285714
615 198.29285714285714
616 200.79285714285714
617 200.79285714285714
618 200.79285714285714
619 201.0
620 201.0
621 201.0
622 201.0
623 201.0
624 201.0
625 201.0
626 217.5
627 217.5
628 216.5
629 216.5
630 216.5
631 216.5
632 203.66666666666666
633 215.0
634 215.0
635 215.0
636 215.0
637 215.0
638 215.0
639 215.0
640 206.83333333333326
641 199.24999999999997
642 212.9166666666666
643 212.9166666666666
644 221.5
645 221.5
646 221.5
647 221.5
648 221.5
649 211.0
650 211.0
651 223.5
652 223.5
653 213.1666666666666
654 224.0
655 224.0
656 224.0
657 224.0
658 223.5
659 223.5
660 223.5
661 223.5
662 223.5
663 223.5
664 223.5
665 223.0
666 223.0
667 203.5
668 203.5
669 221.0
670 221.0
671 222.0
672 222.0
673 224.0
674 224.0
675 224.0
676 224.0
677 224.0
678 224.0
679 224.0
680 224.0
681 234.0
682 234.0
683 234.0
684 234.0
685 233.5
686 233.5
687 224.0
688 224.0
689 224.0
690 224.0
691 224.0
692 224.0
693 224.0
694 224.0
695 224.0
696 224.0
697 232.0
698 232.0
699 232.0
700 232.0
701 234.5
702 234.5
703 217.5
704 217.5
705 217.5
706 217.5
707 217.5
708 216.5
709 216.5
710 216.5
711 216.5
712 216.5
713 216.5
714 229.5
715 229.5
716 228.5
717 228.5
718 228.5
719 228.5
720 228.5
721 228.5
722 228.5
723 228.5
724 228.5
725 228.5
726 228.5
727 228.5
728 228.5
729 228.5
730 228.5
731 228.0
732 228.0
733 228.0
734 220.83333333333334
735 213.43333333333334
736 215.0
737 215.0
738 200.91666666666669
739 200.91666666666669
740 200.66666666666663
741 200.66666666666663
742 200.66666666666663
743 207.56666666666666
744 207.56666666666666
745 207.56666666666666
746 207.56666666666666
747 204.4
748 204.4
749 204.4
750 199.66666666666663
751 199.66666666666663
752 203.16666666666666
753 203.16666666666666
754 203.66666666666669
755 203.66666666666669
756 203.66666666666669
757 203.66666666666669
758 203.66666666666669
759 203.66666666666669
760 200.5
761 200.5
762 200.5
763 210.0
764 210.0
765 210.0
766 218.5
767 218.5
768 218.5
769 218.5
770 218.5
771 214.5
772 214.5
773 212.35158730158733
774 209.85158730158733
775 209.85158730158733
776 214.3515873015873
777 214.3515873015873
778 216.5
779 216.5
780 209.2833333333333
781 215.56666666666666
782 215.56666666666666
783 209.2833333333333
784 209.2833333333333
785 209.2833333333333
786 212.7833333333333
787 212.7833333333333
788 217.2833333333333
789 217.2833333333333
790 223.5
791 223.5
792 214.0
793 214.0
794 214.0
795 214.0
796 214.0
797 205.5
798 205.5
799 197.5
800 197.5
801 197.02619047619044
802 198.0
803 198.0
804 195.5
805 195.5
806 207.41666666666669
807 205.91666666666669
808 205.91666666666669
809 211.0
810 211.0
811 222.0
812 222.0
813 222.0
814 222.0
815 212.66666666666669
816 221.5
817 221.5
818 221.5
819 221.5
820 221.5
821 221.5
822 221.5
823 221.5
824 226.5
825 226.5
826 226.5
827 226.5
828 226.5
829 226.5
830 210.5
831 210.5
832 210.5
833 227.0
834 227.0
835 226.5
836 226.5
837 226.5
838 226.5
839 228.0
840 228.0
841 232.0
842 232.0
843 232.0
844 232.0
845 232.0
846 230.5
847 230.5
848 230.5
849 230.5
850 232.0
851 232.0
852 232.0
853 232.0
854 232.0
855 232.0
856 232.0
857 220.49999999999994
858 208.99999999999994
859 208.99999999999994
860 208.99999999999994
861 213.49999999999994
862 213.49999999999994
863 225.0
864 225.0
865 225.0
866 225.0
867 225.22212828021654
868 233.13879494688322
869 233.13879494688322
870 233.13879494688322
871 233.13879494688322
872 233.13879494688322
873 233.13879494688322
874 232.91666666666666
875 232.91666666666666
876 232.91666666666666
877 232.91666666666666
878 232.91666666666666
879 232.91666666666666
880 232.91666666666666
881 237.91666666666669
882 237.91666666666669
883 231.91666666666669
884 231.91666666666669
885 225.50000000000003
886 225.50000000000003
887 220.5
888 220.5
889 224.0
890 224.0
891 223.5
892 223.5
893 223.5
894 223.5
895 223.5
896 204.0
897 204.0
898 207.0
899 207.0
900 207.0
901 207.0
902 203.5
903 203.5
904 215.0
905 215.0
906 215.0
907 205.0
908 205.0
909 205.0
910 205.0
911 212.5
912 212.5
913 212.5
914 212.5
915 212.5
916 212.0283591408591
917 206.34203851703847
918 204.78333333333327
919 204.78333333333327
920 204.78333333333327
921 204.78333333333327
922 193.2833333333333
923 193.2833333333333
924 193.2833333333333
925 201.0
926 201.0
927 201.0
928 214.33333333333334
929 214.33333333333334
930 214.33333333333334
931 204.5
932 204.5
933 204.5
934 204.5
935 204.5
936 204.5
937 204.5
938 212.5
939 212.5
940 212.5
941 212.5
942 212.5
943 212.5
944 212.0
945 212.0
946 201.0
947 217.0
948 217.0
949 217.0
950 217.0
951 210.5
952 210.5
953 210.5
954 210.5
955 213.5
956 213.5
957 213.5
958 213.5
959 213.5
960 213.5
961 210.0
962 210.0
963 188.5
964 188.5
965 188.5
966 188.5
967 188.5
968 187.46269841269844
969 187.46269841269844
970 190.26756854256854
971 189.03571428571425
972 189.03571428571425
973 189.77261904761897
974 189.77261904761897
975 189.77261904761897
976 189.77261904761897
977 189.77261904761897
978 189.77261904761897
979 189.77261904761897
980 189.77261904761897
981 189.77261904761897
982 188.77261904761897
983 188.77261904761897
984 191.9285714285714
985 179.76190476190476
986 179.76190476190476
987 180.55277777777775
988 178.4365079365079
989 178.4365079365079
990 178.7280275280275
991 178.2280275280275
992 178.2280275280275
993 178.2280275280275
994 173.39469419469415
995 173.39469419469415
996 173.39469419469415
997 183.89469419469415
998 183.89469419469415
999 183.60317460317455
