0 134.0
1 101.5
2 109.0
3 93.5
4 84.0
5 84.0
6 72.49999999999999
7 73.08333333333333
8 77.1
9 77.1
10 76.51666666666667
11 77.05000000000001
12 75.2619047619048
13 73.56904761904765
14 73.65476190476191
15 70.72142857142862
16 73.16071428571426
17 88.67023809523815
18 86.97023809523813
19 84.2583333333334
20 82.75039682539688
21 80.61111111111113
22 85.50000000000001
23 85.02503607503608
24 84.96428571428572
25 83.71875901875904
26 87.33571428571432
27 88.35238095238098
28 90.7781746031746
29 93.8957431457431
30 99.41002886002885
31 100.42027417027408
32 88.97590187590187
33 78.46922799422798
34 85.64905927405921
35 88.78358585858581
36 88.78358585858581
37 87.48984605865411
38 88.78358585858581
39 90.18139083139079
40 90.18139083139079
41 90.18139083139079
42 90.18139083139079
43 87.30347152847152
44 89.71320346320347
45 89.80685425685421
46 87.49935897435898
47 82.04544344544342
48 77.36389305139308
49 80.5983598101245
50 84.01459235209236
51 85.92227633477633
52 85.92227633477633
53 89.1479645354645
54 89.1479645354645
55 89.1479645354645
56 92.85311077811077
57 92.85311077811077
58 95.66021201021199
59 95.66021201021199
60 95.66021201021199
61 95.66021201021199
62 95.66021201021199
63 101.01623376623373
64 101.01623376623373
65 101.01623376623373
66 104.54650072150073
67 104.54650072150073
68 104.54650072150073
69 104.54650072150073
70 104.54650072150073
71 109.0
72 109.0
73 109.0
74 109.0
75 109.0
76 109.0
77 109.0
78 109.0
79 109.0
80 109.0
81 109.0
82 109.0
83 109.0
84 109.0
85 106.62845071595069
86 100.96515869751164
87 97.4451829817929
88 100.21615090276082
89 100.21615090276082
90 105.16924894850591
91 105.16924894850591
92 101.90475462240649
93 104.45541860576364
94 104.45541860576364
95 104.45541860576364
96 104.45541860576364
97 109.0
98 109.0
99 109.0
100 109.0
101 109.0
102 109.0
103 109.0
104 109.0
105 109.0
106 109.0
107 109.0
108 105.43261183261181
109 96.51671106671101
110 89.38723776223775
111 86.04943112443108
112 88.61678321678315
113 91.30599678099668
114 91.30599678099668
115 91.30599678099668
116 91.30599678099668
117 97.05782828282824
118 97.05782828282824
119 94.72813852813849
120 98.02449494949492
121 98.02449494949492
122 98.02449494949492
123 98.02449494949492
124 98.02449494949492
125 98.02449494949492
126 98.02449494949492
127 98.02449494949492
128 95.66516290015846
129 93.33143274142836
130 95.54076479076481
131 95.54076479076481
132 93.28699963903378
133 95.38746861450275
134 95.38746861450275
135 95.38746861450275
136 106.31766341969752
137 106.31766341969752
138 106.31766341969752
139 106.31766341969752
140 106.31766341969752
141 106.31766341969752
142 106.31766341969752
143 106.31766341969752
144 108.5
145 108.5
146 108.5
147 102.06153133096338
148 109.0
149 109.0
150 109.0
151 109.0
152 98.65036075036073
153 107.5
154 107.5
155 107.5
156 107.5
157 107.5
158 107.5
159 107.5
160 106.90805583305585
161 96.39404068154069
162 106.40805583305585
163 106.40805583305585
164 104.85932955932955
165 106.59974747474749
166 106.59974747474749
167 95.97662337662344
168 96.7201298701299
169 96.7201298701299
170 96.7201298701299
171 107.5
172 107.5
173 107.5
174 100.98971861471858
175 107.5
176 107.5
177 107.5
178 107.5
179 107.5
180 107.5
181 107.5
182 94.94943389943393
183 107.0
184 107.0
185 107.0
186 107.0
187 107.0
188 109.0
189 109.0
190 109.0
191 109.0
192 109.0
193 109.0
194 104.84408369408364
195 103.73228715728716
196 107.63860028860027
197 109.0
198 109.0
199 100.21547619047612
200 98.76287737229451
201 100.06547619047613
202 100.06547619047613
203 100.06547619047613
204 100.06547619047613
205 100.06547619047613
206 99.61309170045007
207 99.93214285714281
208 99.93214285714281
209 99.93214285714281
210 109.0
211 109.0
212 109.0
213 109.0
214 109.0
215 109.0
216 109.0
217 109.0
218 109.0
219 109.0
220 109.0
221 109.0
222 109.0
223 109.0
224 109.0
225 109.0
226 109.0
227 109.0
228 109.0
229 109.0
230 109.0
231 109.0
232 104.09787225148548
233 109.0
234 109.0
235 109.0
236 109.0
237 109.0
238 109.0
239 109.0
240 101.56827894327895
241 109.0
242 109.0
243 109.0
244 109.0
245 109.0
246 109.0
247 109.0
248 105.64888167388165
249 101.41324793782078
250 105.64888167388165
251 105.64888167388165
252 109.0
253 109.0
254 109.0
255 109.0
256 109.0
257 109.0
258 109.0
259 109.0
260 109.0
261 109.0
262 109.0
263 109.0
264 101.8741702741703
265 109.0
266 109.0
267 109.0
268 109.0
269 109.0
270 109.0
271 100.62857142857138
272 109.0
273 109.0
274 109.0
275 109.0
276 109.0
277 109.0
278 109.0
279 109.0
280 109.0
281 109.0
282 109.0
283 109.0
284 109.0
285 109.0
286 109.0
287 109.0
288 109.0
289 109.0
290 109.0
291 100.49403651903648
292 93.80478687978686
293 103.01981629481624
294 103.01981629481624
295 103.01981629481624
296 103.01981629481624
297 109.0
298 109.0
299 109.0
300 109.0
301 109.0
302 109.0
303 109.0
304 109.0
305 109.0
306 109.0
307 109.0
308 105.00610287358809
309 101.1904838631321
310 103.36486539870242
311 103.36486539870242
312 103.36486539870242
313 103.36486539870242
314 103.36486539870242
315 95.63616076999779
316 94.52376324864952
317 94.49579835463534
318 94.49579835463534
319 94.49579835463534
320 94.10720246738282
321 86.90323421341452
322 86.93081976597252
323 86.93081976597252
324 86.93081976597252
325 86.93081976597252
326 86.93081976597252
327 86.93081976597252
328 82.59391500406777
329 85.4396825396825
330 85.4396825396825
331 92.79397546897549
332 92.79397546897549
333 92.79397546897549
334 92.79397546897549
335 101.74722222222219
336 101.74722222222219
337 101.74722222222219
338 101.74722222222219
339 109.0
340 109.0
341 109.0
342 109.0
343 98.86246257640994
344 109.0
345 109.0
346 109.0
347 95.15476190476194
348 75.21302294197028
349 75.21302294197028
350 85.24159437054172
351 85.24159437054172
352 100.5
353 100.5
354 100.5
355 100.5
356 100.5
357 100.5
358 100.5
359 100.5
360 100.5
361 100.5
362 82.48705599955599
363 82.48705599955599
364 82.48705599955599
365 82.48705599955599
366 82.48705599955599
367 99.5
368 99.5
369 79.41666666666664
370 79.41666666666664
371 108.5
372 108.5
373 108.5
374 108.5
375 108.5
376 108.5
377 108.5
378 83.08134920634919
379 97.0
380 97.0
381 97.0
382 86.25555848504146
383 93.5
384 93.5
385 93.5
386 93.5
387 93.5
388 93.5
389 93.5
390 93.5
391 93.5
392 80.77746697746697
393 80.77746697746697
394 80.77746697746697
395 75.95323565323561
396 90.94413364413364
397 76.51595904095903
398 96.72182539682541
399 107.5
400 107.5
401 109.0
402 109.0
403 109.0
404 109.0
405 109.0
406 109.0
407 109.0
408 97.40827315958896
409 87.17312219943796
410 92.92216204847786
411 92.92216204847786
412 92.92216204847786
413 105.5
414 105.5
415 105.5
416 98.52233013085647
417 109.0
418 109.0
419 95.41666666666667
420 109.0
421 109.0
422 109.0
423 109.0
424 109.0
425 109.0
426 109.0
427 109.0
428 109.0
429 109.0
430 109.0
431 86.66666666666666
432 86.66666666666666
433 102.0
434 102.0
435 102.0
436 102.0
437 86.19999999999999
438 86.19999999999999
439 76.34307359307361
440 76.34307359307361
441 80.7
442 80.7
443 80.7
444 96.5
445 96.5
446 96.5
447 96.5
448 96.5
449 96.5
450 96.5
451 96.5
452 96.5
453 96.5
454 96.5
455 86.05735201587137
456 81.2593517103633
457 75.43351762619352
458 75.43351762619352
459 75.43351762619352
460 75.43351762619352
461 80.08032745551112
462 80.08032745551112
463 80.2579738673779
464 80.2579738673779
465 95.0
466 95.0
467 95.0
468 95.0
469 95.0
470 95.0
471 95.0
472 95.0
473 95.0
474 79.75238095238093
475 94.0
476 94.0
477 94.0
478 94.0
479 94.0
480 94.0
481 94.0
482 94.0
483 94.0
484 94.0
485 94.0
486 94.0
487 94.0
488 94.0
489 95.0
490 95.0
491 95.0
492 85.08570302235611
493 85.08570302235611
494 85.08570302235611
495 85.08570302235611
496 94.0
497 94.0
498 94.0
499 94.0
500 94.0
501 94.0
502 94.0
503 94.0
504 94.0
505 94.0
506 94.0
507 94.0
508 94.0
509 94.0
510 94.0
511 94.0
512 72.9605006105006
513 72.9605006105006
514 72.9605006105006
515 72.9605006105006
516 72.9605006105006
517 61.3232350982351
518 75.4605006105006
519 75.4605006105006
520 75.4605006105006
521 75.4605006105006
522 75.4605006105006
523 75.4605006105006
524 75.4605006105006
525 75.4605006105006
526 75.4605006105006
527 75.4605006105006
528 75.4605006105006
529 102.5
530 102.5
531 102.5
532 102.5
533 102.5
534 102.5
535 102.5
536 102.5
537 102.5
538 102.5
539 102.5
540 102.5
541 102.5
542 102.5
543 102.5
544 109.0
545 109.0
546 109.0
547 109.0
548 109.0
549 109.0
550 104.15996950122388
551 87.58634762615637
552 87.58634762615637
553 87.58634762615637
554 87.58634762615637
555 87.58634762615637
556 87.58634762615637
557 89.61605616605617
558 89.61605616605617
559 108.0
560 108.0
561 108.0
562 108.0
563 108.0
564 108.0
565 108.0
566 108.0
567 108.0
568 108.0
569 108.0
570 108.0
571 108.0
572 108.0
573 108.0
574 108.0
575 92.34553363303364
576 92.34553363303364
577 92.34553363303364
578 92.34553363303364
579 86.60386696636698
580 80.37886696636694
581 88.90668081918083
582 94.84553363303367
583 94.84553363303367
584 109.0
585 109.0
586 109.0
587 109.0
588 109.0
589 109.0
590 109.0
591 99.89758081625777
592 88.9809141495911
593 94.66666666666669
594 94.66666666666669
595 94.66666666666669
596 83.64563574693652
597 96.50000000000003
598 96.50000000000003
599 96.50000000000003
600 109.0
601 109.0
602 94.65193380944895
603 94.65193380944895
604 108.0
605 108.0
606 84.09842657342656
607 78.17624042624041
608 60.264241984365825
609 60.264241984365825
610 67.26976146488532
611 67.26976146488532
612 67.26976146488532
613 67.26976146488532
614 67.26976146488532
615 67.55205411845586
616 67.2740015094701
617 67.2740015094701
618 67.2740015094701
619 67.2740015094701
620 67.2740015094701
621 67.2740015094701
622 67.2740015094701
623 67.2740015094701
624 67.2740015094701
625 59.66729155276016
626 73.22400150947011
627 73.22400150947011
628 57.95257293804155
629 57.95257293804155
630 57.95257293804155
631 62.43335351449997
632 62.43335351449997
633 62.43335351449997
634 62.43335351449997
635 66.01450864666809
636 62.72150010264656
637 76.04292867407516
638 76.04292867407516
639 90.928957849578
640 89.14918357771842
641 88.35638617797255
642 88.35638617797255
643 88.35638617797255
644 88.35638617797255
645 88.35638617797255
646 92.09240014371598
647 92.09240014371598
648 107.5
649 107.5
650 107.5
651 109.0
652 109.0
653 109.0
654 109.0
655 109.0
656 109.0
657 109.0
658 109.0
659 109.0
660 109.0
661 98.09999999999998
662 109.0
663 109.0
664 109.0
665 109.0
666 109.0
667 109.0
668 109.0
669 109.0
670 109.0
671 109.0
672 103.41112147936418
673 95.51112147936419
674 94.41166756613372
675 102.36166756613369
676 102.36166756613369
677 103.387945796034
678 103.387945796034
679 103.387945796034
680 103.387945796034
681 103.387945796034
682 103.387945796034
683 103.387945796034
684 109.0
685 109.0
686 109.0
687 98.32424242424243
688 108.0
689 108.0
690 93.42777777777779
691 92.06366550116552
692 104.20215756465761
693 104.20215756465761
694 104.20215756465761
695 109.0
696 109.0
697 109.0
698 109.0
699 99.93836796158776
700 84.03836796158778
701 74.36011102760328
702 69.0601110276033
703 69.0601110276033
704 75.79344436093663
705 84.79764998073823
706 93.08333333333334
707 93.08333333333334
708 93.08333333333334
709 93.08333333333334
710 109.0
711 109.0
712 109.0
713 109.0
714 109.0
715 109.0
716 109.0
717 84.99563492063493
718 84.99563492063493
719 99.0
720 99.0
721 99.0
722 99.0
723 99.0
724 99.0
725 99.0
726 99.0
727 99.0
728 99.0
729 99.0
730 99.0
731 82.8930956899997
732 75.71504501111279
733 75.71504501111279
734 76.05958485958485
735 76.05958485958485
736 76.05958485958485
737 69.0556688194846
738 64.70772901611774
739 89.0970448301626
740 83.67404513893536
741 83.67404513893536
742 83.67404513893536
743 71.09469817024012
744 65.51968492927301
745 65.51968492927301
746 69.43205491223124
747 69.43205491223124
748 69.43205491223124
749 69.43205491223124
750 69.43205491223124
751 69.43205491223124
752 72.20345850863481
753 72.20345850863481
754 72.20345850863481
755 76.65576594136931
756 76.65576594136931
757 76.65576594136931
758 76.65576594136931
759 76.65576594136931
760 74.78168960920475
761 74.78168960920475
762 70.17375246444455
763 68.56211640463152
764 68.56211640463152
765 67.77375060376572
766 67.77375060376572
767 66.909048436165
768 66.909048436165
769 66.909048436165
770 66.909048436165
771 66.909048436165
772 66.909048436165
773 66.909048436165
774 67.03439544201927
775 67.03439544201927
776 68.05205417217802
777 68.05205417217802
778 68.05205417217802
779 68.44260626714187
780 68.44260626714187
781 68.46248930807755
782 68.46248930807755
783 67.7373810829693
784 67.7373810829693
785 67.7373810829693
786 64.9471643552526
787 64.9471643552526
788 66.19243852552677
789 66.19243852552677
790 66.19243852552677
791 66.19243852552677
792 66.19243852552677
793 67.36938657747481
794 67.36938657747481
795 67.19570635819863
796 67.19570635819863
797 64.31178486546135
798 64.31178486546135
799 64.31178486546135
800 66.64090909090909
801 66.64090909090909
802 67.17694805194806
803 67.17694805194806
804 67.17694805194806
805 67.17694805194806
806 67.17694805194806
807 66.30909090909091
808 66.30909090909091
809 66.30909090909091
810 66.30909090909091
811 66.30909090909091
812 68.02651515151516
813 68.02651515151516
814 66.67486086926489
815 66.67486086926489
816 68.05555555555556
817 68.05555555555556
818 72.41666666666667
819 72.41666666666667
820 72.41666666666667
821 72.41666666666667
822 72.41666666666667
823 72.41666666666667
824 72.41666666666667
825 72.41666666666667
826 72.41666666666667
827 84.33333333333333
828 70.41666666666667
829 70.41666666666667
830 70.41666666666667
831 70.41666666666667
832 70.41666666666667
833 70.41666666666667
834 70.41666666666667
835 67.06829968852841
836 68.12900432900435
837 68.12900432900435
838 68.12900432900435
839 68.12900432900435
840 66.83156565656567
841 66.83156565656567
842 66.83156565656567
843 82.14999999999999
844 81.32619047619049
845 81.32619047619049
846 94.32619047619048
847 84.99285714285713
848 83.1
849 83.1
850 83.1
851 92.66666666666666
852 109.0
853 109.0
854 108.5
855 108.5
856 108.5
857 108.5
858 108.5
859 106.7437802393685
860 109.5
861 109.5
862 109.0
863 109.0
864 109.0
865 96.05000000000001
866 109.0
867 109.0
868 102.35096181250971
869 109.0
870 109.0
871 109.0
872 109.0
873 109.0
874 109.0
875 104.5627671967105
876 91.82943386337713
877 96.26666666666667
878 96.26666666666667
879 96.26666666666667
880 108.5
881 108.5
882 108.5
883 108.5
884 108.5
885 108.5
886 108.5
887 108.5
888 108.5
889 108.5
890 108.5
891 108.5
892 108.5
893 108.5
894 108.5
895 108.5
896 108.5
897 85.51666666666668
898 85.51666666666668
899 103.5
900 103.5
901 103.5
902 103.5
903 103.5
904 103.5
905 103.5
906 103.5
907 103.5
908 103.5
909 103.5
910 103.5
911 103.5
912 103.5
913 103.5
914 109.0
915 109.0
916 109.0
917 109.0
918 109.0
919 109.0
920 109.0
921 109.0
922 109.0
923 109.0
924 109.0
925 109.0
926 109.0
927 109.0
928 109.0
929 109.0
930 109.0
931 100.8580988455988
932 109.0
933 109.0
934 109.0
935 109.0
936 100.84166666666668
937 88.03611111111111
938 92.99285714285715
939 92.99285714285715
940 89.50793650793652
941 89.50793650793652
942 98.4484126984127
943 98.4484126984127
944 109.5
945 109.5
946 98.87063492063491
947 98.87063492063491
948 90.5961861667744
949 90.48824965883787
950 90.48824965883787
951 92.02674172232994
952 92.02674172232994
953 92.02674172232994
954 92.02674172232994
955 92.02674172232994
956 92.02674172232994
957 92.02674172232994
958 92.02674172232994
959 79.53110680169502
960 71.61412933471757
961 87.44270076328898
962 90.04865314424136
963 90.04865314424136
964 85.12072777606025
965 81.64764251058692
966 81.64764251058692
967 81.64764251058692
968 88.81430917725358
969 88.81430917725358
970 91.86984075458494
971 91.86984075458494
972 91.86984075458494
973 91.86984075458494
974 91.86984075458494
975 91.86984075458494
976 95.61010003068824
977 95.61010003068824
978 95.61010003068824
979 108.5
980 108.5
981 108.5
982 108.5
983 108.5
984 108.5
985 89.21071428571425
986 85.74947265462723
987 88.56309523809522
988 88.56309523809522
989 81.1389532475745
990 81.1389532475745
991 81.1389532475745
992 84.49285714285713
993 84.49285714285713
994 84.49285714285713
995 78.34732664995826
996 75.1774517824747
997 75.1774517824747
998 75.1774517824747
999 78.95739348370931
