0 167.0
1 140.5
2 124.0
3 115.0
4 123.0
5 125.33333333333336
6 110.83333333333337
7 82.00000000000001
8 82.33333333333334
9 82.33333333333336
10 79.33333333333333
11 86.31190476190484
12 109.08333333333337
13 107.79761904761905
14 101.59761904761906
15 100.05714285714285
16 102.57301587301595
17 102.23531746031753
18 101.1781746031747
19 102.14368686868697
20 103.302344877345
21 104.63957431457439
22 100.7791125541126
23 99.96482683982688
24 100.97370129870134
25 98.17153679653687
26 94.98943001443001
27 95.7891525141525
28 89.30743978243981
29 86.40300810300815
30 85.26378066378064
31 90.20487567987571
32 84.0012404262405
33 83.14171661671668
34 83.16899211899215
35 82.87018259518261
36 81.52208624708624
37 84.42639305139303
38 80.49396159396156
39 80.43878066378065
40 80.78939671439669
41 80.30901516783872
42 82.03430735930736
43 83.2746370975086
44 83.82029637029632
45 83.90203636233046
46 86.59371347606641
47 86.59371347606641
48 86.83492324668798
49 89.0
50 88.0
51 88.0
52 88.0
53 88.0
54 88.0
55 88.0
56 88.0
57 88.0
58 88.0
59 88.0
60 88.0
61 88.0
62 88.0
63 88.0
64 88.0
65 88.0
66 88.0
67 88.0
68 88.0
69 88.0
70 85.37878371628368
71 88.0
72 88.0
73 88.0
74 88.0
75 87.39716949716949
76 88.0
77 88.0
78 88.0
79 88.0
80 87.68094683094681
81 88.0
82 88.0
83 88.0
84 88.0
85 88.0
86 88.0
87 88.0
88 88.0
89 88.0
90 88.0
91 88.0
92 88.0
93 88.0
94 88.0
95 88.0
96 88.0
97 88.0
98 87.19833499833496
99 88.0
100 88.0
101 88.0
102 84.87649572649568
103 88.0
104 88.0
105 88.0
106 88.0
107 88.0
108 88.0
109 88.0
110 88.0
111 88.0
112 88.0
113 88.0
114 88.0
115 88.0
116 88.0
117 88.0
118 88.0
119 88.0
120 88.0
121 88.0
122 88.0
123 88.0
124 88.0
125 88.0
126 88.0
127 88.0
128 88.0
129 88.0
130 88.0
131 88.0
132 88.0
133 88.0
134 88.0
135 88.0
136 88.0
137 88.0
138 88.0
139 88.0
140 88.0
141 88.0
142 88.0
143 88.0
144 88.0
145 88.0
146 88.0
147 88.0
148 88.0
149 88.0
150 88.0
151 88.0
152 88.0
153 88.0
154 88.0
155 88.0
156 84.20399600399598
157 88.0
158 88.0
159 88.0
160 88.0
161 88.0
162 88.0
163 88.0
164 88.0
165 85.40029137529133
166 88.0
167 88.0
168 88.0
169 88.0
170 88.0
171 88.0
172 88.0
173 88.0
174 88.0
175 88.0
176 85.4074592074592
177 88.0
178 88.0
179 88.0
180 88.0
181 88.0
182 88.0
183 88.0
184 88.0
185 88.0
186 88.0
187 88.0
188 88.0
189 88.0
190 88.0
191 88.0
192 87.95034687534684
193 88.0
194 88.0
195 88.0
196 88.0
197 88.0
198 88.0
199 88.0
200 88.0
201 88.0
202 88.0
203 88.0
204 88.0
205 88.0
206 88.0
207 88.0
208 88.0
209 88.0
210 88.0
211 88.0
212 88.0
213 88.0
214 83.81161616161614
215 88.0
216 88.0
217 88.0
218 88.0
219 88.0
220 88.0
221 88.0
222 88.0
223 88.0
224 88.0
225 88.0
226 88.0
227 88.0
228 88.0
229 88.0
230 88.0
231 88.0
232 88.0
233 88.0
234 88.0
235 88.0
236 88.0
237 88.0
238 88.0
239 88.0
240 88.0
241 88.0
242 88.0
243 83.97965367965368
244 88.0
245 88.0
246 88.0
247 88.0
248 80.74446664446661
249 88.0
250 88.0
251 88.0
252 88.0
253 88.0
254 88.0
255 88.0
256 88.0
257 88.0
258 88.0
259 88.0
260 83.3568043068043
261 88.5
262 88.5
263 88.5
264 88.5
265 88.5
266 88.5
267 88.5
268 88.5
269 88.5
270 88.5
271 88.5
272 88.5
273 88.5
274 88.5
275 88.5
276 88.5
277 82.24494949494952
278 88.0
279 88.0
280 88.0
281 81.53293650793647
282 81.53293650793647
283 81.53293650793647
284 81.53293650793647
285 81.53293650793647
286 81.53293650793647
287 88.0
288 88.0
289 88.0
290 88.0
291 88.0
292 88.0
293 88.0
294 88.0
295 88.0
296 88.0
297 88.0
298 88.0
299 88.0
300 80.52272727272727
301 76.72377344877344
302 79.2349206349206
303 79.2349206349206
304 79.2349206349206
305 79.2349206349206
306 88.0
307 88.0
308 88.0
309 88.0
310 88.0
311 88.0
312 88.0
313 88.0
314 80.15955988455993
315 76.29065656565655
316 79.88380230880227
317 79.88380230880227
318 79.88380230880227
319 79.88380230880227
320 79.88380230880227
321 79.88380230880227
322 79.88380230880227
323 79.88380230880227
324 79.88380230880227
325 87.0
326 87.0
327 87.0
328 87.0
329 87.0
330 87.0
331 87.0
332 87.0
333 87.0
334 87.0
335 87.0
336 87.0
337 87.0
338 87.0
339 87.0
340 87.0
341 87.0
342 87.0
343 87.0
344 87.0
345 77.52067099567098
346 74.9243145743146
347 69.58708513708518
348 67.06922799422804
349 72.69650072150075
350 76.01753246753246
351 83.39574314574317
352 83.39574314574317
353 88.0
354 88.0
355 88.0
356 88.0
357 88.0
358 88.0
359 88.0
360 88.0
361 88.0
362 88.0
363 88.0
364 88.0
365 88.0
366 88.0
367 88.0
368 88.0
369 88.0
370 84.54805194805196
371 88.0
372 88.0
373 88.0
374 88.0
375 88.0
376 88.0
377 88.0
378 88.0
379 88.0
380 88.0
381 88.0
382 88.0
383 88.0
384 88.0
385 85.27824675324672
386 78.57388167388166
387 79.440873015873
388 79.440873015873
389 79.440873015873
390 79.440873015873
391 79.440873015873
392 79.440873015873
393 88.0
394 88.0
395 88.0
396 88.0
397 88.0
398 88.0
399 88.0
400 88.0
401 88.0
402 88.0
403 88.0
404 88.0
405 88.0
406 88.0
407 88.0
408 81.01666666666665
409 77.35
410 82.05238095238094
411 82.05238095238094
412 82.05238095238094
413 90.0
414 90.0
415 78.00515873015877
416 78.00515873015877
417 88.0
418 88.0
419 88.0
420 88.0
421 88.0
422 77.47063492063492
423 77.47063492063492
424 88.0
425 88.0
426 88.0
427 88.0
428 88.0
429 88.0
430 88.0
431 88.0
432 88.0
433 88.0
434 88.0
435 88.0
436 88.0
437 88.0
438 88.0
439 88.0
440 88.0
441 88.0
442 88.0
443 88.0
444 88.0
445 88.0
446 88.0
447 88.0
448 88.0
449 88.0
450 88.0
451 88.0
452 88.0
453 88.0
454 88.0
455 88.0
456 88.0
457 88.0
458 88.0
459 88.0
460 88.0
461 88.0
462 88.0
463 88.0
464 88.0
465 88.0
466 88.0
467 88.0
468 88.0
469 88.0
470 88.0
471 88.0
472 84.4770202020202
473 88.0
474 88.0
475 88.0
476 88.0
477 88.0
478 88.0
479 82.06287878787876
480 74.6709235209235
481 78.33221500721496
482 78.33221500721496
483 78.33221500721496
484 88.0
485 88.0
486 88.0
487 88.0
488 88.0
489 88.0
490 88.0
491 88.0
492 88.0
493 88.0
494 88.0
495 88.0
496 88.0
497 88.0
498 88.0
499 83.76511544011545
500 87.5
501 87.5
502 87.5
503 87.5
504 87.5
505 88.0
506 88.0
507 88.0
508 88.0
509 88.0
510 88.0
511 88.0
512 88.0
513 88.0
514 88.0
515 88.0
516 88.0
517 88.0
518 88.0
519 88.0
520 88.0
521 88.0
522 88.0
523 88.0
524 88.0
525 88.0
526 88.0
527 88.0
528 88.0
529 88.0
530 80.57896825396826
531 88.0
532 88.0
533 88.0
534 88.0
535 88.0
536 88.0
537 88.0
538 88.0
539 88.0
540 88.0
541 88.0
542 88.0
543 88.0
544 88.0
545 88.0
546 88.0
547 88.0
548 88.0
549 88.0
550 88.0
551 88.0
552 88.0
553 88.0
554 88.0
555 88.0
556 88.0
557 85.91311743811741
558 88.0
559 88.0
560 88.0
561 88.0
562 88.0
563 88.0
564 88.0
565 88.0
566 88.0
567 88.0
568 88.0
569 88.0
570 88.0
571 88.0
572 88.0
573 88.0
574 88.0
575 88.0
576 88.0
577 88.0
578 88.0
579 88.0
580 88.0
581 88.0
582 88.0
583 88.0
584 88.0
585 88.0
586 88.0
587 88.0
588 88.0
589 88.0
590 88.0
591 88.0
592 88.0
593 88.0
594 88.0
595 88.0
596 88.0
597 88.0
598 88.0
599 88.0
600 83.59283216783214
601 88.0
602 88.0
603 88.0
604 88.0
605 88.0
606 88.0
607 88.0
608 88.0
609 88.0
610 88.0
611 88.0
612 88.0
613 88.0
614 88.0
615 88.0
616 83.73306970806965
617 79.44196914196915
618 83.14930347430342
619 83.14930347430342
620 83.14930347430342
621 83.14930347430342
622 83.14930347430342
623 83.14930347430342
624 88.0
625 88.0
626 88.0
627 88.0
628 88.0
629 88.0
630 88.0
631 88.0
632 88.0
633 88.0
634 88.0
635 88.0
636 88.0
637 88.0
638 88.0
639 88.0
640 88.0
641 88.0
642 81.12237484737483
643 88.0
644 88.0
645 88.0
646 88.0
647 88.0
648 88.0
649 88.0
650 88.0
651 88.0
652 88.0
653 88.0
654 88.0
655 88.0
656 88.0
657 80.48065268065267
658 88.0
659 88.0
660 88.0
661 88.0
662 88.0
663 88.0
664 88.0
665 88.0
666 79.41742424242423
667 73.2721805971806
668 78.45308857808855
669 78.45308857808855
670 78.45308857808855
671 78.45308857808855
672 78.45308857808855
673 88.0
674 88.0
675 88.0
676 88.0
677 88.0
678 88.0
679 79.50420690420691
680 88.0
681 88.0
682 88.0
683 88.0
684 88.0
685 88.0
686 88.0
687 88.0
688 88.0
689 88.0
690 88.0
691 88.0
692 88.0
693 88.0
694 88.0
695 88.0
696 88.0
697 88.0
698 88.0
699 88.0
700 88.0
701 88.0
702 84.83650793650797
703 88.0
704 88.0
705 88.0
706 88.0
707 88.0
708 88.0
709 88.0
710 88.0
711 88.0
712 88.0
713 88.0
714 88.0
715 88.0
716 88.0
717 88.0
718 88.0
719 88.0
720 88.0
721 88.0
722 88.0
723 88.0
724 88.0
725 88.0
726 88.0
727 88.0
728 88.0
729 88.0
730 88.0
731 88.0
732 88.0
733 88.0
734 88.0
735 88.0
736 88.0
737 88.0
738 88.0
739 88.0
740 88.0
741 78.86960816960816
742 72.68904706404709
743 78.860902985903
744 78.860902985903
745 76.07676212676215
746 81.93999333999336
747 81.93999333999336
748 88.0
749 88.0
750 88.0
751 88.0
752 88.0
753 88.0
754 88.0
755 88.0
756 88.0
757 88.0
758 88.0
759 88.0
760 88.0
761 88.0
762 88.0
763 88.0
764 88.0
765 88.0
766 88.0
767 88.0
768 88.0
769 88.0
770 88.0
771 88.0
772 88.0
773 88.0
774 88.0
775 88.0
776 88.0
777 88.0
778 88.0
779 88.0
780 88.0
781 80.96428571428565
782 79.22392884892886
783 83.80193417693414
784 83.80193417693414
785 83.80193417693414
786 88.0
787 88.0
788 88.0
789 88.0
790 88.0
791 88.0
792 88.0
793 88.0
794 88.0
795 88.0
796 88.0
797 88.0
798 88.0
799 88.0
800 88.0
801 88.0
802 78.33286158286158
803 88.0
804 88.0
805 88.0
806 88.0
807 88.0
808 88.0
809 88.0
810 88.0
811 88.0
812 88.0
813 88.0
814 88.0
815 88.0
816 88.0
817 88.0
818 88.0
819 88.0
820 88.0
821 88.0
822 88.0
823 88.0
824 88.0
825 88.0
826 81.8040764790765
827 88.0
828 88.0
829 88.0
830 88.0
831 88.0
832 88.0
833 88.0
834 88.0
835 88.0
836 88.0
837 88.0
838 88.0
839 88.0
840 88.0
841 88.0
842 85.87941168308814
843 88.0
844 88.0
845 88.0
846 88.0
847 88.0
848 88.0
849 88.0
850 88.0
851 88.0
852 80.90286102786104
853 88.0
854 88.0
855 88.0
856 88.0
857 88.0
858 88.0
859 88.0
860 88.0
861 88.0
862 88.0
863 88.0
864 88.0
865 88.0
866 88.0
867 88.0
868 88.0
869 88.0
870 88.0
871 88.0
872 88.0
873 88.0
874 88.0
875 88.0
876 88.0
877 88.0
878 88.0
879 88.0
880 88.0
881 88.0
882 88.0
883 88.0
884 88.0
885 88.0
886 88.0
887 88.0
888 88.0
889 88.0
890 88.0
891 88.0
892 88.0
893 88.0
894 88.0
895 83.19483016983011
896 76.47024364524364
897 74.01338938838938
898 76.85079920079923
899 76.85079920079923
900 76.85079920079923
901 78.06087246087246
902 78.06087246087246
903 78.06087246087246
904 73.50382534132537
905 81.43494977244981
906 81.43494977244981
907 81.43494977244981
908 81.43494977244981
909 81.43494977244981
910 88.0
911 88.0
912 88.0
913 88.0
914 88.0
915 88.0
916 88.0
917 88.0
918 88.0
919 88.0
920 88.0
921 88.0
922 88.0
923 88.0
924 88.0
925 88.0
926 88.0
927 88.0
928 88.0
929 88.0
930 88.0
931 88.0
932 88.0
933 88.0
934 88.0
935 88.0
936 88.0
937 88.0
938 88.0
939 88.0
940 88.0
941 88.0
942 88.0
943 88.0
944 88.0
945 88.0
946 88.0
947 88.0
948 88.0
949 88.0
950 88.0
951 88.0
952 88.0
953 88.0
954 88.0
955 88.0
956 88.0
957 88.0
958 88.0
959 88.0
960 88.0
961 88.0
962 88.0
963 88.0
964 88.0
965 88.0
966 88.0
967 88.0
968 88.0
969 83.04310966810966
970 80.00517260517265
971 82.9603174603175
972 82.9603174603175
973 82.9603174603175
974 82.9603174603175
975 82.9603174603175
976 82.9603174603175
977 82.9603174603175
978 88.0
979 88.0
980 88.0
981 88.0
982 88.0
983 88.0
984 88.0
985 88.0
986 78.51068931068932
987 87.5
988 87.5
989 87.5
990 87.5
991 87.5
992 87.5
993 87.5
994 87.5
995 87.5
996 87.5
997 80.87305194805198
998 74.16349206349207
999 79.71908369408371
