0 277.5
1 249.5
2 217.0
3 154.0
4 141.5
5 136.0
6 137.0
7 132.0
8 118.50000000000003
9 121.0
10 118.5
11 118.5
12 118.5
13 118.5
14 118.5
15 117.5
16 117.5
17 106.4166666666666
18 101.44523809523808
19 92.0833333333333
20 94.43293650793656
21 95.70873015873016
22 97.62301587301592
23 97.63023088023091
24 97.56179653679658
25 98.60528915528923
26 99.82100954600963
27 96.51802086802091
28 97.5265040515041
29 97.60238650238648
30 96.9391580641581
31 95.49249361749362
32 93.37380952380965
33 93.4737096237097
34 91.06187146187148
35 91.77643745143747
36 90.77008824508826
37 91.1783785658786
38 90.6783785658786
39 92.11145268130562
40 88.94570307143832
41 88.81832073155606
42 87.84373698197227
43 85.70934082257617
44 83.23993930905695
45 83.23993930905695
46 84.75650395356269
47 83.87871091326976
48 89.77954230152379
49 94.0679299845322
50 99.17284231076808
51 102.13924617693975
52 100.32330164245805
53 96.30087594723815
54 96.03604054614117
55 95.16800841916944
56 95.16800841916944
57 94.81569394657637
58 94.81569394657637
59 94.81569394657637
60 94.42800861419286
61 97.90892896793761
62 97.4393598674475
63 96.49673843042744
64 96.35944785262907
65 96.05996566556946
66 92.30451726120461
67 92.34681741113766
68 93.38885068745887
69 89.1812627362318
70 91.53471600978709
71 90.46857105671587
72 86.62444407064648
73 86.4392795434625
74 85.50424883767766
75 84.74619634179703
76 85.59136768527532
77 86.85234869824987
78 85.49326318952579
79 84.84290434151181
80 84.74196077622042
81 84.74196077622042
82 86.44068479422191
83 88.43418142642669
84 87.51376519300635
85 87.42042505861168
86 86.07833228870837
87 86.77270339809407
88 87.41606202211685
89 90.01050282789
90 88.49877939434406
91 86.71049935892474
92 86.17143806253122
93 86.15305658050374
94 86.15305658050374
95 86.34509476075299
96 86.04602479103303
97 85.69888763012291
98 88.83887864671911
99 88.93331436057115
100 88.88070451517923
101 85.70856774679366
102 86.53618225321921
103 85.51341889993544
104 85.5471664489307
105 85.50376967819011
106 85.33292345006089
107 85.33292345006089
108 85.40946087522894
109 85.44871466305803
110 85.0706515061803
111 85.0706515061803
112 85.27144499316573
113 86.14619107130898
114 86.62046683260672
115 86.58443963684739
116 86.6257948380683
117 86.55473168086806
118 86.55473168086806
119 86.81686893899229
120 87.41572407344374
121 87.63815326270196
122 87.63815326270196
123 87.6317804931713
124 88.19542376279458
125 88.78968894314468
126 89.41658630645041
127 90.19728554385632
128 89.9707433424194
129 90.24282410617207
130 90.97032287201891
131 89.29141340836355
132 88.37273070006621
133 88.37039988422734
134 88.33166686489601
135 87.90363022306066
136 88.1603430952087
137 89.21354879790245
138 88.54319346256753
139 89.9160666925743
140 89.1577422662814
141 89.1577422662814
142 90.14835484047428
143 90.38516051846273
144 91.94211798893275
145 90.3715435576165
146 89.66764101181273
147 90.3715435576165
148 90.3715435576165
149 90.58801253043998
150 92.13516278914499
151 90.65214782474476
152 90.62737542963154
153 90.6603952338588
154 91.09117275255925
155 90.26197059845694
156 91.20398459566329
157 90.65305645487906
158 90.6627716012157
159 90.55881819356546
160 91.23490791443425
161 91.16929568596699
162 91.16588397786968
163 90.99714107592831
164 91.34756861746507
165 90.99714107592831
166 91.02034987885199
167 90.8136188257086
168 90.8136188257086
169 90.8370415363542
170 90.74297829089865
171 90.74297829089865
172 90.73238899673564
173 90.97148654070415
174 91.35499334484882
175 91.2891436716462
176 91.2891436716462
177 91.89789986464213
178 91.70032891697223
179 91.31416099290982
180 90.45193923515377
181 90.45193923515377
182 90.45162595194576
183 90.43441491412484
184 90.41746872784228
185 90.91926594692052
186 91.0734875971674
187 90.97664531763462
188 91.00771206266978
189 90.69621552354074
190 90.43777058829116
191 90.43777058829116
192 90.43777058829116
193 90.43777058829116
194 90.43777058829116
195 90.13881313505487
196 89.59584894308219
197 89.03943729552442
198 89.66809376068271
199 90.17558917417239
200 90.63214103138377
201 90.19801519356834
202 90.05907640443138
203 88.71533556247131
204 89.30508625462929
205 89.30508625462929
206 89.30508625462929
207 89.30508625462929
208 89.30508625462929
209 89.30508625462929
210 89.30508625462929
211 89.30508625462929
212 89.30508625462929
213 89.30508625462929
214 89.30508625462929
215 89.1480998785119
216 89.1480998785119
217 88.61760069537861
218 88.61760069537861
219 88.61760069537861
220 88.14802651356374
221 88.14802651356374
222 88.47625290946868
223 88.47625290946868
224 88.47625290946868
225 89.15941214791098
226 89.15941214791098
227 89.15941214791098
228 89.35383630038942
229 89.35383630038942
230 89.35383630038942
231 89.35383630038942
232 90.22949301183328
233 91.14596258653873
234 91.14596258653873
235 92.24186373111849
236 92.24186373111849
237 92.24186373111849
238 92.24186373111849
239 93.13365058190855
240 93.13365058190855
241 91.99234491313518
242 92.60656226652819
243 92.60656226652819
244 91.90189162420134
245 92.14258898078204
246 92.14258898078204
247 92.14258898078204
248 92.14258898078204
249 92.14258898078204
250 92.16467923064826
251 92.9042583770579
252 92.9042583770579
253 92.72289333597287
254 92.72289333597287
255 92.72289333597287
256 93.93213940606286
257 93.65553900118812
258 94.62099824261058
259 94.62099824261058
260 94.62099824261058
261 94.62099824261058
262 94.62099824261058
263 94.62099824261058
264 94.62099824261058
265 94.62099824261058
266 94.62099824261058
267 94.62099824261058
268 94.62099824261058
269 94.62099824261058
270 94.62099824261058
271 94.76512616577095
272 94.76512616577095
273 94.76512616577095
274 94.76512616577095
275 95.99806888976602
276 95.99806888976602
277 95.99806888976602
278 98.33650483927752
279 98.33650483927752
280 98.33650483927752
281 98.33650483927752
282 98.33650483927752
283 98.33650483927752
284 98.33650483927752
285 98.33650483927752
286 98.33650483927752
287 98.33650483927752
288 100.8078950429197
289 100.8078950429197
290 100.8078950429197
291 100.8078950429197
292 100.8078950429197
293 103.42928781627126
294 103.42928781627126
295 103.42928781627126
296 103.42928781627126
297 103.42928781627126
298 107.0
299 107.0
300 107.0
301 107.0
302 107.0
303 107.0
304 107.0
305 107.0
306 107.0
307 107.0
308 107.0
309 107.0
310 107.0
311 107.0
312 107.0
313 107.0
314 107.0
315 107.0
316 107.0
317 107.0
318 107.0
319 107.0
320 107.0
321 107.0
322 107.0
323 107.0
324 107.0
325 107.0
326 107.0
327 107.0
328 107.0
329 107.0
330 107.0
331 107.0
332 107.0
333 107.0
334 107.0
335 107.0
336 107.0
337 104.4633254427858
338 107.0
339 107.0
340 107.0
341 107.0
342 107.0
343 107.0
344 107.0
345 107.0
346 107.0
347 107.0
348 107.0
349 107.0
350 107.0
351 107.0
352 107.0
353 107.0
354 107.0
355 107.0
356 104.40125108982018
357 107.0
358 107.0
359 107.0
360 107.0
361 107.0
362 107.0
363 107.0
364 107.0
365 107.0
366 107.0
367 107.0
368 107.0
369 107.0
370 107.0
371 107.0
372 107.0
373 107.0
374 107.0
375 107.0
376 107.0
377 107.0
378 107.0
379 107.0
380 107.0
381 107.0
382 104.62923044174333
383 101.92442384173785
384 103.79257901721326
385 103.79257901721326
386 103.79257901721326
387 103.79257901721326
388 103.79257901721326
389 103.79257901721326
390 103.79257901721326
391 107.0
392 107.0
393 107.0
394 107.0
395 107.0
396 104.69390754004556
397 107.0
398 107.0
399 107.0
400 107.0
401 107.0
402 107.0
403 107.0
404 107.0
405 103.41730330543412
406 107.0
407 107.0
408 107.0
409 107.0
410 107.0
411 104.10740555132922
412 107.0
413 107.0
414 107.0
415 107.0
416 107.0
417 107.0
418 107.0
419 107.0
420 107.0
421 107.0
422 107.0
423 107.0
424 107.0
425 107.0
426 107.0
427 107.0
428 107.0
429 107.0
430 107.0
431 107.0
432 107.0
433 107.0
434 107.0
435 107.0
436 107.0
437 107.0
438 107.0
439 107.0
440 107.0
441 107.0
442 107.0
443 107.0
444 107.0
445 107.0
446 107.0
447 107.0
448 107.0
449 107.0
450 107.0
451 107.0
452 107.0
453 107.0
454 107.0
455 107.0
456 107.0
457 107.0
458 107.0
459 107.0
460 107.0
461 107.0
462 107.0
463 107.0
464 107.0
465 107.0
466 107.0
467 107.0
468 107.0
469 107.0
470 107.0
471 107.0
472 107.0
473 107.0
474 107.0
475 107.0
476 107.0
477 107.0
478 107.0
479 107.0
480 107.0
481 107.0
482 107.0
483 107.0
484 107.0
485 107.0
486 107.0
487 107.0
488 107.0
489 107.0
490 107.0
491 107.0
492 107.0
493 107.0
494 107.0
495 107.0
496 107.0
497 107.0
498 107.0
499 107.0
500 107.0
501 107.0
502 107.0
503 107.0
504 107.0
505 107.0
506 107.0
507 107.0
508 107.0
509 107.0
510 107.0
511 107.0
512 107.0
513 107.0
514 107.0
515 107.0
516 107.0
517 107.0
518 107.0
519 107.0
520 107.0
521 107.0
522 107.0
523 107.0
524 107.0
525 105.66606159129695
526 102.45044349823884
527 103.35389287853323
528 103.35389287853323
529 107.0
530 107.0
531 107.0
532 107.0
533 107.0
534 107.0
535 107.0
536 107.0
537 107.0
538 107.0
539 105.59086393202526
540 107.0
541 107.0
542 107.0
543 107.0
544 107.0
545 107.0
546 107.0
547 107.0
548 107.0
549 107.0
550 107.0
551 107.0
552 107.0
553 107.0
554 107.0
555 107.0
556 107.0
557 107.0
558 104.8538987360812
559 107.0
560 107.0
561 107.0
562 107.0
563 107.0
564 105.08778070159617
565 107.0
566 107.0
567 107.0
568 107.0
569 107.0
570 107.0
571 107.0
572 107.0
573 107.0
574 107.0
575 103.19463386805612
576 107.0
577 107.0
578 107.0
579 107.0
580 107.0
581 107.0
582 107.0
583 107.0
584 107.0
585 107.0
586 107.0
587 107.0
588 107.0
589 107.0
590 107.0
591 107.0
592 107.0
593 107.0
594 107.0
595 107.0
596 107.0
597 107.0
598 107.0
599 107.0
600 107.0
601 107.0
602 107.0
603 107.0
604 107.0
605 107.0
606 107.0
607 107.0
608 107.0
609 107.0
610 107.0
611 107.0
612 107.0
613 107.0
614 107.0
615 107.0
616 107.0
617 107.0
618 107.0
619 107.0
620 107.0
621 107.0
622 107.0
623 107.0
624 107.0
625 107.0
626 107.0
627 107.0
628 107.0
629 107.0
630 107.0
631 105.06901550122411
632 107.0
633 107.0
634 107.0
635 107.0
636 107.0
637 107.0
638 107.0
639 107.0
640 107.0
641 107.0
642 107.0
643 107.0
644 107.0
645 107.0
646 107.0
647 107.0
648 107.0
649 107.0
650 107.0
651 107.0
652 107.0
653 107.0
654 107.0
655 107.0
656 107.0
657 107.0
658 107.0
659 107.0
660 107.0
661 107.0
662 107.0
663 107.0
664 107.0
665 107.0
666 107.0
667 107.0
668 107.0
669 107.0
670 107.0
671 107.0
672 107.0
673 107.0
674 107.0
675 107.0
676 107.0
677 107.0
678 107.0
679 107.0
680 107.0
681 107.0
682 104.48120131502482
683 107.0
684 107.0
685 107.0
686 107.0
687 107.0
688 107.0
689 107.0
690 107.0
691 107.0
692 107.0
693 107.0
694 107.0
695 107.0
696 107.0
697 107.0
698 107.0
699 107.0
700 107.0
701 107.0
702 107.0
703 107.0
704 107.0
705 107.0
706 107.0
707 107.0
708 107.0
709 107.0
710 107.0
711 107.0
712 107.0
713 107.0
714 107.0
715 107.0
716 107.0
717 107.0
718 107.0
719 107.0
720 107.0
721 107.0
722 107.0
723 107.0
724 107.0
725 107.0
726 107.0
727 107.0
728 107.0
729 107.0
730 104.76608624192149
731 107.0
732 107.0
733 107.0
734 107.0
735 107.0
736 107.0
737 107.0
738 105.99353477308453
739 107.0
740 107.0
741 107.0
742 107.0
743 107.0
744 107.0
745 107.0
746 107.0
747 107.0
748 107.0
749 107.0
750 107.0
751 107.0
752 107.0
753 107.0
754 107.0
755 107.0
756 107.0
757 107.0
758 107.0
759 107.0
760 107.0
761 107.0
762 107.0
763 107.0
764 107.0
765 107.0
766 107.0
767 107.0
768 107.0
769 107.0
770 107.0
771 102.86813650787757
772 107.0
773 107.0
774 107.0
775 107.0
776 107.0
777 107.0
778 103.62521991103223
779 107.0
780 107.0
781 104.38754575596239
782 107.0
783 107.0
784 107.0
785 107.0
786 107.0
787 107.0
788 107.0
789 107.0
790 107.0
791 107.0
792 107.0
793 107.0
794 107.0
795 107.0
796 107.0
797 107.0
798 107.0
799 107.0
800 107.0
801 107.0
802 107.0
803 107.0
804 107.0
805 107.0
806 107.0
807 107.0
808 107.0
809 107.0
810 107.0
811 107.0
812 107.0
813 107.0
814 107.0
815 107.0
816 107.0
817 107.0
818 107.0
819 107.0
820 107.0
821 107.0
822 107.0
823 107.0
824 107.0
825 107.0
826 107.0
827 107.0
828 107.0
829 107.0
830 104.59273185964359
831 107.0
832 107.0
833 107.0
834 103.15391308836452
835 107.0
836 107.0
837 107.0
838 107.0
839 107.0
840 107.0
841 107.0
842 107.0
843 107.0
844 107.0
845 107.0
846 107.0
847 107.0
848 107.0
849 107.0
850 107.0
851 107.0
852 107.0
853 107.0
854 107.0
855 104.53894228406611
856 107.0
857 107.0
858 107.0
859 107.0
860 107.0
861 107.0
862 107.0
863 107.0
864 107.0
865 107.0
866 107.0
867 107.0
868 107.0
869 107.0
870 107.0
871 107.0
872 107.0
873 107.0
874 107.0
875 107.0
876 107.0
877 107.0
878 107.0
879 107.0
880 107.0
881 107.0
882 107.0
883 107.0
884 107.0
885 107.0
886 107.0
887 107.0
888 107.0
889 107.0
890 107.0
891 107.0
892 107.0
893 107.0
894 107.0
895 107.0
896 107.0
897 107.0
898 106.65407580946524
899 107.0
900 107.0
901 107.0
902 107.0
903 107.0
904 107.0
905 107.0
906 107.0
907 107.0
908 107.0
909 104.1576195957345
910 107.0
911 107.0
912 107.0
913 107.0
914 107.0
915 107.0
916 107.0
917 107.0
918 107.0
919 107.0
920 104.17203378453311
921 101.66973961325887
922 104.05572892360856
923 104.05572892360856
924 104.05572892360856
925 104.05572892360856
926 104.05572892360856
927 104.05572892360856
928 104.05572892360856
929 104.05572892360856
930 104.05572892360856
931 104.05572892360856
932 104.05572892360856
933 104.05572892360856
934 104.05572892360856
935 104.05572892360856
936 104.05572892360856
937 107.0
938 107.0
939 104.49489829424286
940 107.0
941 107.0
942 107.0
943 107.0
944 106.11528250626452
945 102.99788403530617
946 106.09476723012261
947 106.09476723012261
948 107.0
949 107.0
950 107.0
951 107.0
952 107.0
953 107.0
954 107.0
955 107.0
956 107.0
957 107.0
958 107.0
959 107.0
960 107.0
961 107.0
962 107.0
963 107.0
964 107.0
965 107.0
966 107.0
967 102.6816323167716
968 107.0
969 107.0
970 107.0
971 107.0
972 107.0
973 107.0
974 103.53039770525598
975 107.0
976 107.0
977 107.0
978 107.0
979 107.0
980 107.0
981 107.0
982 107.0
983 107.0
984 107.0
985 107.0
986 107.0
987 107.0
988 101.0247572087355
989 97.10314213979382
990 100.50807536621738
991 100.50807536621738
992 100.50807536621738
993 100.50807536621738
994 100.50807536621738
995 100.50807536621738
996 100.50807536621738
997 100.50807536621738
998 107.0
999 107.0
