0 346.5
1 329.0
2 257.0
3 208.0
4 208.33333333333331
5 181.33333333333331
6 179.5
7 180.00000000000006
8 185.19999999999996
9 171.90476190476193
10 136.8214285714286
11 97.48809523809523
12 95.9142857142857
13 95.9142857142857
14 95.4952380952381
15 94.9952380952381
16 94.9952380952381
17 97.69484126984128
18 98.24484126984127
19 91.74484126984129
20 98.21150793650796
21 96.7686507936508
22 96.62738095238092
23 97.6321428571428
24 98.34404761904754
25 94.57738095238088
26 94.57738095238088
27 94.57738095238088
28 97.27720057720065
29 100.90613275613283
30 101.07676767676776
31 101.10616883116892
32 101.10616883116892
33 101.10616883116892
34 101.42666222666227
35 101.10616883116892
36 105.21370851370853
37 100.57442279942289
38 104.77319624819631
39 104.6987012987013
40 104.98524531024528
41 104.98524531024528
42 104.98524531024528
43 101.76247086247092
44 100.89304584304583
45 100.89304584304583
46 101.64369421428255
47 102.9043724249607
48 102.60517521693994
49 102.60517521693994
50 103.67398989898992
51 103.67398989898992
52 103.67398989898992
53 103.67398989898992
54 103.67398989898992
55 103.67398989898992
56 103.67398989898992
57 104.61076978576973
58 104.61076978576973
59 110.94362581862576
60 110.94362581862576
61 110.94362581862576
62 125.0
63 125.0
64 125.0
65 125.0
66 125.0
67 125.0
68 125.0
69 125.0
70 125.0
71 111.95840548340546
72 106.04196636696639
73 109.99924242424247
74 109.99924242424247
75 125.0
76 125.0
77 125.0
78 125.0
79 125.0
80 125.0
81 125.0
82 125.0
83 125.0
84 125.0
85 125.0
86 125.0
87 125.0
88 125.0
89 125.0
90 125.0
91 125.0
92 125.0
93 125.0
94 125.0
95 125.0
96 125.0
97 125.0
98 125.0
99 125.0
100 125.0
101 125.0
102 125.0
103 125.0
104 125.0
105 125.0
106 125.0
107 125.0
108 125.0
109 125.0
110 125.0
111 125.0
112 125.0
113 125.0
114 125.0
115 125.0
116 125.0
117 125.0
118 125.0
119 125.0
120 125.0
121 125.0
122 125.0
123 125.0
124 125.0
125 126.0
126 126.0
127 126.0
128 126.0
129 126.0
130 126.0
131 126.0
132 126.0
133 126.0
134 126.0
135 126.0
136 126.0
137 126.0
138 126.0
139 126.0
140 126.0
141 126.0
142 126.0
143 126.0
144 126.0
145 126.0
146 126.0
147 126.0
148 126.0
149 126.0
150 126.0
151 126.0
152 126.0
153 126.0
154 126.0
155 126.0
156 126.0
157 126.0
158 126.0
159 126.0
160 126.0
161 126.0
162 126.0
163 126.0
164 126.0
165 126.0
166 126.0
167 126.0
168 126.0
169 126.0
170 126.0
171 126.0
172 126.0
173 126.0
174 126.0
175 126.0
176 126.0
177 126.0
178 126.0
179 126.0
180 126.0
181 126.0
182 126.0
183 126.0
184 126.0
185 126.0
186 126.0
187 126.0
188 126.0
189 126.0
190 126.0
191 126.0
192 126.0
193 126.0
194 126.0
195 126.0
196 126.0
197 126.0
198 126.0
199 126.0
200 126.0
201 126.0
202 126.0
203 126.0
204 126.0
205 126.0
206 126.0
207 113.28506927798728
208 125.5
209 125.5
210 125.5
211 125.5
212 125.5
213 125.5
214 125.5
215 125.5
216 125.5
217 125.5
218 125.5
219 125.5
220 125.5
221 125.5
222 125.5
223 125.5
224 125.5
225 125.5
226 125.5
227 125.5
228 125.5
229 125.5
230 125.5
231 105.77124264624265
232 124.5
233 124.5
234 124.5
235 124.5
236 124.5
237 124.5
238 124.5
239 124.5
240 124.5
241 124.5
242 124.5
243 124.5
244 124.5
245 125.0
246 125.0
247 125.0
248 125.0
249 125.0
250 125.0
251 125.0
252 125.0
253 125.0
254 125.0
255 125.0
256 125.0
257 125.0
258 125.0
259 106.13214285714287
260 116.0
261 116.0
262 116.0
263 116.0
264 116.0
265 116.0
266 116.0
267 116.0
268 116.0
269 116.0
270 116.0
271 116.0
272 92.36479076479077
273 92.36479076479077
274 115.5
275 115.5
276 115.5
277 115.5
278 115.5
279 115.5
280 115.5
281 115.5
282 115.5
283 115.5
284 115.5
285 115.5
286 115.5
287 115.5
288 115.5
289 115.5
290 115.5
291 115.5
292 115.5
293 115.5
294 115.5
295 115.5
296 115.5
297 115.5
298 116.5
299 116.5
300 116.5
301 116.5
302 116.5
303 116.5
304 116.5
305 116.5
306 116.5
307 116.5
308 116.5
309 116.5
310 116.5
311 116.5
312 116.5
313 116.5
314 116.5
315 116.5
316 116.5
317 116.5
318 116.5
319 116.5
320 116.5
321 116.5
322 116.5
323 116.5
324 116.5
325 116.5
326 116.5
327 116.5
328 116.5
329 116.5
330 116.5
331 116.5
332 116.5
333 116.5
334 116.5
335 100.50112665112667
336 101.91967754467758
337 104.97438117438121
338 100.88113830613837
339 100.88113830613837
340 100.88113830613837
341 100.88113830613837
342 100.88113830613837
343 100.88113830613837
344 100.88113830613837
345 100.88113830613837
346 100.88113830613837
347 108.43953546453545
348 108.43953546453545
349 108.43953546453545
350 108.43953546453545
351 108.43953546453545
352 108.43953546453545
353 108.43953546453545
354 114.5
355 114.5
356 114.5
357 114.5
358 114.5
359 114.5
360 114.5
361 114.5
362 114.5
363 114.5
364 114.5
365 114.5
366 114.5
367 114.5
368 114.5
369 114.5
370 114.5
371 114.5
372 113.0
373 113.0
374 90.72930247856715
375 113.0
376 113.0
377 113.0
378 113.0
379 113.0
380 113.0
381 113.0
382 113.0
383 113.0
384 113.0
385 117.5
386 117.5
387 117.5
388 117.5
389 117.5
390 117.5
391 117.5
392 117.5
393 117.5
394 117.5
395 117.5
396 117.5
397 117.5
398 117.5
399 118.0
400 118.0
401 118.0
402 118.0
403 118.0
404 118.0
405 118.0
406 118.0
407 118.0
408 118.0
409 118.0
410 118.0
411 118.0
412 118.0
413 118.0
414 118.0
415 118.0
416 118.0
417 118.0
418 118.0
419 118.0
420 105.46961500401902
421 117.5
422 117.5
423 117.5
424 117.5
425 117.5
426 117.5
427 117.5
428 117.5
429 117.5
430 117.5
431 117.5
432 117.5
433 117.5
434 117.5
435 117.5
436 117.5
437 117.5
438 117.5
439 117.5
440 117.5
441 117.5
442 117.5
443 117.5
444 117.5
445 117.5
446 117.5
447 123.0
448 123.0
449 123.0
450 123.0
451 123.0
452 123.0
453 123.0
454 123.0
455 112.3181818181818
456 103.54290508682926
457 106.38611111111108
458 106.38611111111108
459 115.0
460 115.0
461 115.0
462 125.0
463 125.0
464 125.0
465 125.0
466 125.0
467 125.0
468 125.0
469 125.0
470 125.0
471 125.0
472 125.0
473 125.0
474 125.0
475 104.9738095238095
476 104.9738095238095
477 104.9738095238095
478 104.9738095238095
479 115.0
480 115.0
481 115.0
482 115.0
483 115.0
484 115.0
485 115.0
486 115.0
487 115.0
488 115.0
489 115.0
490 114.48333333333328
491 114.48333333333328
492 114.48333333333328
493 114.48333333333328
494 116.5
495 116.5
496 116.5
497 116.5
498 116.5
499 116.5
500 116.5
501 116.5
502 116.5
503 116.5
504 116.5
505 116.5
506 116.5
507 116.5
508 116.5
509 116.5
510 116.5
511 116.5
512 116.5
513 116.5
514 116.5
515 114.92499999999997
516 114.92499999999997
517 114.92499999999997
518 114.92499999999997
519 114.92499999999997
520 114.92499999999997
521 114.92499999999997
522 114.92499999999997
523 114.92499999999997
524 114.92499999999997
525 114.92499999999997
526 114.92499999999997
527 114.92499999999997
528 114.92499999999997
529 114.92499999999997
530 114.92499999999997
531 118.0
532 118.0
533 118.0
534 118.0
535 118.0
536 118.0
537 118.0
538 118.0
539 118.0
540 118.0
541 118.0
542 118.0
543 118.0
544 118.5
545 118.5
546 118.5
547 118.5
548 124.0
549 124.0
550 124.0
551 124.0
552 124.0
553 124.0
554 124.0
555 124.0
556 124.0
557 124.0
558 124.0
559 124.0
560 124.0
561 124.0
562 124.0
563 124.0
564 124.0
565 124.0
566 124.0
567 124.0
568 124.0
569 124.0
570 124.0
571 124.0
572 124.0
573 128.0
574 128.0
575 128.0
576 128.0
577 128.0
578 128.0
579 128.0
580 128.0
581 128.0
582 128.0
583 128.0
584 128.0
585 128.0
586 128.0
587 128.0
588 128.0
589 128.0
590 128.0
591 128.0
592 128.0
593 128.0
594 128.0
595 128.0
596 128.0
597 128.0
598 128.0
599 128.0
600 128.0
601 128.0
602 128.0
603 118.79384031001683
604 126.0
605 126.0
606 126.0
607 126.0
608 126.0
609 102.53344377930294
610 120.0
611 120.0
612 120.0
613 124.0
614 124.0
615 124.0
616 106.6986652236652
617 120.0
618 120.0
619 120.0
620 120.0
621 120.0
622 120.0
623 120.0
624 107.3411441628547
625 102.7996505386598
626 103.36886592939221
627 103.36886592939221
628 103.36886592939221
629 103.36886592939221
630 119.5
631 119.5
632 119.5
633 119.5
634 119.5
635 119.5
636 119.5
637 121.0
638 121.0
639 121.0
640 121.0
641 121.0
642 121.0
643 121.0
644 121.0
645 121.0
646 121.0
647 121.0
648 121.0
649 121.0
650 121.0
651 121.0
652 121.0
653 121.0
654 121.0
655 121.0
656 121.0
657 121.0
658 121.0
659 121.0
660 121.0
661 121.0
662 121.0
663 121.0
664 121.0
665 121.0
666 121.0
667 121.0
668 121.0
669 121.0
670 121.0
671 121.0
672 121.0
673 121.0
674 121.0
675 121.0
676 121.0
677 121.0
678 121.0
679 121.0
680 121.0
681 129.5
682 129.5
683 129.5
684 129.5
685 129.5
686 129.5
687 129.5
688 129.5
689 129.5
690 125.5
691 125.5
692 125.5
693 125.5
694 126.0
695 126.0
696 126.0
697 126.0
698 126.0
699 126.0
700 126.0
701 126.0
702 126.0
703 126.0
704 126.0
705 126.0
706 126.0
707 126.0
708 126.0
709 126.0
710 126.0
711 126.0
712 126.0
713 126.0
714 126.0
715 126.0
716 126.0
717 126.0
718 126.0
719 126.0
720 126.0
721 126.0
722 126.0
723 126.0
724 126.0
725 126.0
726 126.0
727 126.0
728 126.0
729 126.0
730 126.0
731 126.0
732 126.0
733 126.0
734 126.0
735 126.0
736 126.0
737 126.0
738 126.0
739 126.0
740 126.0
741 120.07296592296596
742 126.0
743 126.0
744 126.0
745 126.0
746 126.0
747 126.0
748 126.0
749 126.0
750 126.0
751 126.0
752 126.0
753 126.0
754 126.0
755 126.0
756 126.0
757 126.0
758 126.0
759 126.0
760 126.0
761 126.0
762 126.0
763 126.0
764 126.0
765 126.0
766 126.0
767 126.0
768 126.0
769 126.0
770 126.0
771 126.0
772 126.0
773 126.0
774 126.0
775 126.0
776 126.0
777 126.0
778 126.0
779 126.0
780 126.0
781 126.0
782 126.0
783 126.0
784 126.0
785 126.0
786 126.0
787 126.0
788 126.0
789 126.0
790 126.0
791 126.0
792 126.0
793 126.0
794 126.0
795 118.8170634920635
796 126.0
797 126.0
798 126.0
799 126.0
800 126.0
801 126.0
802 126.0
803 126.0
804 126.0
805 126.0
806 126.0
807 126.0
808 126.0
809 126.0
810 126.0
811 126.0
812 126.0
813 126.0
814 126.0
815 126.0
816 126.0
817 126.0
818 126.0
819 126.0
820 126.0
821 126.0
822 126.0
823 126.0
824 126.0
825 118.1563260269142
826 126.0
827 126.0
828 125.44445039824296
829 126.0
830 126.0
831 126.0
832 126.0
833 126.0
834 126.0
835 126.0
836 126.0
837 126.0
838 126.0
839 126.0
840 126.0
841 127.679636028746
842 126.0
843 126.0
844 126.0
845 126.0
846 126.0
847 126.0
848 126.0
849 126.0
850 126.0
851 126.0
852 126.0
853 126.0
854 126.0
855 126.0
856 126.0
857 126.0
858 126.0
859 126.0
860 126.0
861 126.0
862 126.0
863 126.0
864 126.0
865 126.0
866 126.0
867 126.0
868 126.0
869 126.0
870 126.0
871 126.0
872 126.0
873 126.0
874 126.0
875 126.0
876 126.0
877 126.0
878 126.0
879 126.0
880 126.0
881 120.13384695369987
882 126.0
883 126.0
884 126.0
885 126.0
886 126.0
887 126.0
888 126.0
889 126.0
890 126.0
891 126.0
892 126.0
893 126.0
894 126.0
895 126.0
896 126.0
897 126.0
898 126.0
899 126.0
900 126.0
901 126.0
902 126.0
903 126.0
904 126.0
905 126.0
906 126.0
907 126.0
908 126.0
909 119.77457028265844
910 126.0
911 126.0
912 126.0
913 126.0
914 126.0
915 126.0
916 126.0
917 126.0
918 126.0
919 126.0
920 126.0
921 126.0
922 126.0
923 126.0
924 126.0
925 126.0
926 120.96394716394715
927 126.0
928 126.0
929 126.0
930 126.0
931 126.0
932 126.0
933 126.0
934 126.0
935 126.0
936 126.0
937 126.0
938 126.0
939 126.0
940 126.0
941 126.0
942 126.0
943 126.0
944 126.0
945 126.0
946 126.0
947 126.0
948 126.0
949 126.0
950 126.0
951 126.0
952 126.0
953 126.0
954 126.0
955 126.0
956 126.0
957 126.0
958 126.0
959 126.0
960 126.0
961 126.0
962 126.0
963 126.0
964 126.0
965 126.0
966 126.0
967 126.0
968 126.0
969 126.0
970 126.0
971 126.0
972 126.0
973 126.0
974 126.0
975 126.0
976 126.0
977 126.0
978 126.0
979 126.0
980 126.0
981 126.0
982 126.0
983 126.0
984 126.0
985 126.0
986 126.0
987 126.0
988 126.0
989 126.0
990 126.0
991 126.0
992 126.0
993 126.0
994 126.0
995 126.0
996 126.0
997 126.0
998 126.0
999 126.0
