0 61.5
1 78.5
2 57.0
3 66.83333333333331
4 85.0
5 61.766666666666644
6 42.25
7 40.72380952380953
8 40.02142857142857
9 37.9968253968254
10 31.46666666666666
11 31.53939393939394
12 31.56212121212121
13 31.538278388278393
14 32.0
15 34.27223332223332
16 38.51897269397269
17 35.95675974352446
18 44.23574815707166
19 41.88421758839714
20 37.842753943682766
21 40.93095424527314
22 36.90071440857045
23 33.43823130848304
24 34.878983280034916
25 33.23589821233042
26 33.19159549387809
27 33.14631206379559
28 33.09514884069233
29 33.06728509551973
30 33.00861321727615
31 32.965731791447325
32 32.58486191422464
33 33.09760876825182
34 32.036988500248604
35 32.05734998140973
36 32.079249419325436
37 35.504763118522895
38 33.78503556142194
39 33.79541785265927
40 33.72959288703881
41 34.76563332379641
42 33.62108346790075
43 33.5108777209332
44 34.31044069829172
45 34.2603228262759
46 32.7693494846245
47 32.679309635947625
48 31.9236879246484
49 31.87013703875991
50 33.02745614614058
51 34.58808436294128
52 34.53706596643722
53 33.3131675635491
54 33.3131675635491
55 33.3131675635491
56 33.3131675635491
57 34.01577594440043
58 34.04236557537952
59 32.48820854162609
60 32.48820854162609
61 32.67774063652237
62 32.67774063652237
63 32.67774063652237
64 32.67774063652237
65 32.67774063652237
66 32.67774063652237
67 32.67774063652237
68 32.455253008201524
69 32.455253008201524
70 32.455253008201524
71 31.824813593493534
72 31.824813593493534
73 31.628853799237792
74 31.628853799237792
75 31.628853799237792
76 31.628853799237792
77 31.628853799237792
78 31.75791368841685
79 31.75791368841685
80 31.75791368841685
81 31.75791368841685
82 31.75791368841685
83 31.82895684420843
84 31.82895684420843
85 31.82895684420843
86 32.2150189543715
87 32.6711571701036
88 33.83195650792282
89 32.7116222273398
90 32.7116222273398
91 32.24998233130525
92 32.24998233130525
93 32.24998233130525
94 32.24998233130525
95 32.24998233130525
96 32.24998233130525
97 32.24998233130525
98 32.24998233130525
99 32.24998233130525
100 32.24998233130525
101 32.24998233130525
102 32.24998233130525
103 32.24998233130525
104 31.862459799597968
105 31.862459799597968
106 32.0
107 32.0
108 32.0
109 32.0
110 32.0
111 32.0
112 32.0
113 32.0
114 32.0
115 32.0
116 32.733072644117335
117 32.0
118 32.0
119 32.0
120 32.0
121 32.0
122 32.0
123 32.0
124 32.0
125 32.0
126 32.0
127 32.0
128 32.0
129 32.0
130 32.0
131 32.0
132 32.0
133 32.0
134 32.0
135 32.0
136 32.0
137 32.0
138 32.0
139 32.89114361764171
140 33.661523171429295
141 32.72339375413449
142 32.72339375413449
143 32.72339375413449
144 32.72339375413449
145 32.72339375413449
146 32.72339375413449
147 32.72339375413449
148 32.72339375413449
149 32.88800899633704
150 32.69806262198041
151 32.69806262198041
152 32.815238710371446
153 32.00711173105284
154 32.00711173105284
155 32.00711173105284
156 32.00711173105284
157 32.00711173105284
158 32.00711173105284
159 32.588030928376305
160 32.68928567523975
161 32.588030928376305
162 32.588030928376305
163 32.588030928376305
164 31.849659489676124
165 31.849659489676124
166 31.838081783324416
167 31.367833194230144
168 31.367833194230144
169 31.367833194230144
170 31.367833194230144
171 31.367833194230144
172 31.367833194230144
173 31.367833194230144
174 31.367833194230144
175 31.5
176 31.5
177 31.41560742741006
178 31.5
179 31.5
180 32.155711529596296
181 33.50805009408182
182 32.22432674975563
183 32.22432674975563
184 31.5
185 31.5
186 31.5
187 31.5
188 30.971833453574497
189 30.971833453574497
190 30.971833453574497
191 30.971833453574497
192 32.0
193 32.0
194 32.0
195 32.0
196 32.0
197 32.0
198 32.0
199 32.0
200 32.0
201 32.0
202 32.0
203 32.0
204 32.0
205 32.0
206 32.0
207 32.0
208 32.0
209 32.0
210 32.0
211 32.0
212 32.0
213 32.0
214 32.0
215 32.0
216 32.0
217 32.0
218 32.0
219 33.14923005008055
220 32.0
221 32.0
222 32.0
223 32.0
224 32.0
225 32.0
226 32.0
227 32.0
228 32.0
229 32.0
230 32.0
231 32.0
232 32.0
233 32.0
234 32.0
235 32.0
236 32.0
237 32.0
238 32.0
239 32.0
240 32.0
241 32.0
242 32.0
243 31.57532841485827
244 32.0
245 32.0
246 32.0
247 32.0
248 32.0
249 32.0
250 32.0
251 32.0
252 32.0
253 32.0
254 32.0
255 32.0
256 32.0
257 32.0
258 32.0
259 32.0
260 32.0
261 32.0
262 32.0
263 32.0
264 32.0
265 32.0
266 32.0
267 32.0
268 32.0
269 32.0
270 32.0
271 32.0
272 32.0
273 32.0
274 31.954938386591635
275 32.0
276 32.0
277 32.0
278 32.0
279 32.0
280 32.0
281 32.0
282 32.0
283 32.0
284 32.0
285 32.0
286 32.0
287 32.923832315529744
288 32.0
289 32.0
290 32.0
291 32.0
292 32.0
293 32.0
294 32.0
295 31.936095559509287
296 32.0
297 32.0
298 32.0
299 32.0
300 32.48396963747556
301 32.0
302 32.0
303 32.0
304 32.0
305 32.0
306 32.0
307 32.0
308 32.0
309 32.0
310 32.0
311 32.0
312 32.0
313 32.0
314 32.774672466424406
315 32.0
316 32.0
317 32.0
318 32.0
319 32.0
320 32.0
321 32.0
322 32.0
323 32.0
324 32.0
325 32.0
326 32.607833401057704
327 33.586550846909944
328 33.272722377128076
329 33.272722377128076
330 32.37225359949863
331 32.37225359949863
332 32.37225359949863
333 32.37225359949863
334 31.57030717922866
335 31.57030717922866
336 32.0
337 32.0
338 32.0
339 32.0
340 32.0
341 32.0
342 32.0
343 32.0
344 32.0
345 32.817509990857396
346 32.0
347 32.0
348 32.0
349 32.0
350 32.0
351 32.0
352 32.0
353 32.0
354 32.0
355 32.0
356 32.0
357 32.0
358 32.0
359 32.0
360 32.109696719127136
361 32.32670993776535
362 32.18569199588047
363 32.18569199588047
364 32.18569199588047
365 32.18569199588047
366 32.18569199588047
367 33.13490018522858
368 34.372798932997156
369 33.3721435869881
370 33.3721435869881
371 33.097380158322125
372 33.097380158322125
373 33.097380158322125
374 33.097380158322125
375 33.097380158322125
376 32.0
377 32.0
378 33.11734829380821
379 34.247752480435125
380 33.18163877688237
381 33.18163877688237
382 33.60827317799744
383 32.434909230580665
384 32.434909230580665
385 32.434909230580665
386 32.434909230580665
387 32.0
388 32.0
389 32.0
390 32.0
391 32.0
392 32.0
393 32.0
394 32.0
395 32.0
396 32.0
397 32.0
398 32.0
399 32.0
400 32.0
401 32.0
402 32.0
403 32.0
404 32.0
405 32.0
406 32.0
407 32.0
408 32.0
409 32.0
410 32.0
411 32.0
412 32.0
413 32.0
414 32.0
415 32.0
416 32.0
417 32.0
418 32.0
419 32.0
420 32.0
421 32.0
422 32.0
423 32.0
424 32.0
425 32.0
426 32.0
427 32.0
428 32.0
429 32.0
430 32.0
431 32.0
432 32.0
433 32.0
434 32.0
435 32.599141632012454
436 32.0
437 32.0
438 32.0
439 32.0
440 32.0
441 32.0
442 32.0
443 32.0
444 32.0
445 32.13685473373467
446 32.0
447 32.0
448 32.0
449 32.0
450 32.0
451 32.0
452 32.0
453 32.0
454 32.20824971177424
455 32.0
456 32.0
457 32.0
458 32.0
459 32.0
460 32.0
461 32.32536124950974
462 32.0
463 32.0
464 32.0
465 32.0
466 32.0
467 32.0
468 32.0
469 32.0
470 32.0
471 32.0
472 32.0
473 32.810287095183035
474 32.0
475 32.0
476 32.0
477 32.0
478 32.0
479 32.0
480 32.43656265430814
481 33.09378043776
482 33.568190771796445
483 33.62029269175709
484 33.07344685993136
485 33.07344685993136
486 33.07344685993136
487 33.23193906014475
488 33.465566927465595
489 32.815796481520145
490 32.815796481520145
491 32.815796481520145
492 33.83457476834601
493 32.76945823035198
494 32.76945823035198
495 32.76945823035198
496 33.96552522188502
497 35.0529589625341
498 34.811224018023154
499 34.811224018023154
500 34.811224018023154
501 36.2935756404217
502 34.96565242775716
503 34.96565242775716
504 36.082610219025455
505 36.991554140485505
506 36.801091518084206
507 35.65706168585004
508 35.65706168585004
509 34.80515139917755
510 34.80515139917755
511 34.00476309237454
512 34.00476309237454
513 34.00476309237454
514 35.00769150895374
515 33.72426844907808
516 33.72426844907808
517 33.72426844907808
518 34.23973728755605
519 33.15130095000645
520 33.15130095000645
521 33.15130095000645
522 33.15130095000645
523 33.78714626493112
524 34.63569579962227
525 34.753926884040375
526 35.82906586819588
527 36.386063579171726
528 35.13129459792051
529 35.13129459792051
530 35.13129459792051
531 35.13129459792051
532 34.139855798751995
533 34.139855798751995
534 34.139855798751995
535 34.139855798751995
536 34.139855798751995
537 33.49367516142999
538 32.71852220385152
539 32.71852220385152
540 33.15950409544984
541 33.80071487788997
542 33.29220133516334
543 32.73095408109898
544 32.73095408109898
545 32.73095408109898
546 32.127890413196695
547 32.04705912476261
548 33.19963478524887
549 32.634006541542384
550 32.634006541542384
551 32.634006541542384
552 31.379328857032668
553 31.379328857032668
554 32.17497419482555
555 32.5123187474243
556 33.222110082838206
557 32.385325691887736
558 32.385325691887736
559 32.385325691887736
560 33.25296855162498
561 33.31915726910676
562 32.99771100003954
563 32.99771100003954
564 32.99771100003954
565 32.99771100003954
566 32.05446212588373
567 32.05446212588373
568 32.05446212588373
569 32.05446212588373
570 32.05446212588373
571 31.957742374487108
572 31.957742374487108
573 31.115379976729695
574 31.115379976729695
575 31.115379976729695
576 31.115379976729695
577 31.115379976729695
578 31.26828152519394
579 31.26828152519394
580 31.26828152519394
581 31.26828152519394
582 31.36793627002286
583 31.36793627002286
584 31.36793627002286
585 31.36793627002286
586 31.36793627002286
587 31.36793627002286
588 31.36793627002286
589 30.965987696577645
590 31.227989763271676
591 31.227989763271676
592 31.227989763271676
593 31.98570178806476
594 31.004997547595575
595 31.004997547595575
596 31.5
597 31.5
598 32.0
599 32.0
600 32.0
601 32.0
602 32.0
603 32.0
604 32.0
605 32.0
606 31.349980670730986
607 32.27846571514486
608 31.324233689316845
609 31.324233689316845
610 31.324233689316845
611 32.0
612 32.0
613 32.0
614 32.0
615 32.0
616 32.0
617 32.0
618 32.0
619 32.0
620 32.0
621 32.0
622 32.0
623 32.0
624 32.0
625 32.0
626 32.0
627 32.0
628 32.0
629 32.0
630 32.0
631 32.0
632 32.0
633 31.702605142487773
634 32.0
635 32.0
636 31.790145421757376
637 31.884838675128474
638 32.634356885068
639 31.792147771833857
640 31.792147771833857
641 31.724116197127284
642 31.724116197127284
643 31.724116197127284
644 32.341565779248725
645 31.968779728563263
646 31.968779728563263
647 31.968779728563263
648 32.0
649 32.0
650 32.0
651 32.0
652 32.0
653 32.0
654 32.0
655 32.0
656 31.805515298080557
657 32.0
658 32.0
659 32.0
660 32.0
661 32.0
662 32.0
663 32.0
664 32.0
665 32.0
666 32.0
667 32.0
668 32.0
669 32.0
670 32.0
671 32.0
672 32.0
673 32.0
674 32.0
675 32.0
676 32.0
677 32.0
678 32.0
679 32.0
680 32.06851121588021
681 32.0
682 32.0
683 32.116313534909935
684 32.0
685 32.0
686 32.0
687 32.0
688 32.0
689 32.0
690 32.0
691 31.221111845946023
692 32.0
693 32.0
694 32.0
695 32.0
696 32.0
697 32.0
698 32.0
699 32.0
700 32.0
701 32.0
702 32.0
703 32.0
704 32.0
705 32.0
706 32.0
707 32.0
708 32.0
709 32.0
710 32.0
711 32.0
712 32.0
713 32.0
714 32.0
715 32.0
716 32.0
717 32.0
718 32.0
719 32.0
720 32.0
721 32.0
722 32.0
723 32.0
724 32.0
725 32.0
726 32.0
727 32.0
728 32.0
729 32.0
730 32.0
731 32.0
732 32.0
733 32.0
734 32.0
735 32.0
736 32.0
737 32.0
738 32.0
739 32.0
740 32.0
741 32.0
742 32.0
743 32.0
744 32.73956945656902
745 32.0
746 32.0
747 32.0
748 32.0
749 32.0
750 32.0
751 32.94361736894493
752 32.0
753 32.0
754 32.0
755 32.0
756 32.0
757 32.0
758 32.0
759 32.0
760 32.0
761 32.0
762 32.0
763 32.0
764 32.0
765 32.0
766 32.0
767 32.0
768 32.0
769 32.0
770 32.0
771 32.0
772 32.0
773 31.67745080070992
774 32.0
775 32.0
776 32.0
777 32.0
778 32.0
779 32.0
780 32.0
781 32.0
782 32.86541453829835
783 32.0
784 32.0
785 32.0
786 32.0
787 32.0
788 32.0
789 32.0
790 32.0
791 32.0
792 32.0
793 32.0
794 32.0
795 32.0
796 32.0
797 32.0
798 32.0
799 32.0
800 32.0
801 32.0
802 32.115889295992076
803 33.08568475413263
804 33.379583281240706
805 33.745814967243895
806 32.67216261019642
807 32.67216261019642
808 32.67216261019642
809 32.67216261019642
810 32.67216261019642
811 32.67216261019642
812 32.67216261019642
813 33.749848091419125
814 32.74825992294336
815 32.74825992294336
816 32.74825992294336
817 32.237169758203244
818 32.237169758203244
819 32.237169758203244
820 32.237169758203244
821 32.237169758203244
822 32.237169758203244
823 32.237169758203244
824 31.895997629265775
825 31.895997629265775
826 31.449897534944128
827 31.581271309251118
828 31.581271309251118
829 32.0
830 32.0
831 32.0
832 32.0
833 32.0
834 32.0
835 32.655216813324955
836 32.0
837 32.0
838 32.0
839 32.0
840 32.0
841 32.0
842 32.0
843 32.0
844 32.31908403246835
845 33.13233796170778
846 32.25574741269049
847 32.25574741269049
848 32.25574741269049
849 32.25574741269049
850 32.25574741269049
851 33.09710602969822
852 32.70713327073255
853 32.70713327073255
854 32.87850847860501
855 31.892949520381542
856 31.892949520381542
857 31.892949520381542
858 32.0
859 32.0
860 32.0
861 32.0
862 32.0
863 32.0
864 32.0
865 32.0
866 32.0
867 32.0579979188378
868 32.0
869 32.0
870 32.0
871 32.0
872 32.0
873 32.0
874 32.150285553832504
875 33.076347201612684
876 33.818927970081965
877 34.907999297766494
878 33.99078434348198
879 33.99078434348198
880 33.99078434348198
881 33.99078434348198
882 33.99078434348198
883 33.006803669195165
884 33.006803669195165
885 32.47509672174609
886 32.47509672174609
887 32.47509672174609
888 32.0
889 32.0
890 32.914756730413856
891 32.0
892 32.0
893 32.0
894 32.0
895 32.0
896 32.0
897 32.0
898 32.0
899 32.0
900 32.0
901 32.0
902 32.0
903 32.0
904 32.0
905 32.418934054920065
906 32.0
907 32.0
908 32.0
909 32.0
910 32.0
911 32.0
912 32.0
913 32.0
914 32.0
915 31.499949357616742
916 32.35920358758582
917 31.51496904109176
918 31.51496904109176
919 31.51496904109176
920 31.51496904109176
921 31.51496904109176
922 31.51496904109176
923 31.51496904109176
924 31.923422742707015
925 31.498174169296874
926 31.498174169296874
927 31.498174169296874
928 31.498174169296874
929 31.498174169296874
930 32.0
931 32.0
932 32.0
933 32.36111519209484
934 32.93386232067029
935 32.464791637317056
936 32.464791637317056
937 32.464791637317056
938 32.625853411003554
939 32.51532091879133
940 32.51532091879133
941 32.51532091879133
942 32.51532091879133
943 32.51532091879133
944 32.51532091879133
945 32.0
946 32.0
947 32.14415177428915
948 32.0
949 32.0
950 32.0
951 32.0
952 32.0
953 32.72101991450883
954 33.05189312690148
955 31.889087946024436
956 31.889087946024436
957 31.889087946024436
958 31.889087946024436
959 32.88480169960018
960 31.864845521782012
961 31.864845521782012
962 31.864845521782012
963 31.864845521782012
964 31.864845521782012
965 31.864845521782012
966 32.0
967 32.0
968 32.0
969 32.0
970 32.0
971 32.0
972 32.0
973 32.47457715556831
974 32.99355473014157
975 32.473569757311665
976 32.473569757311665
977 32.473569757311665
978 32.473569757311665
979 32.473569757311665
980 32.473569757311665
981 32.473569757311665
982 32.0
983 32.0
984 32.0
985 31.541783047246685
986 31.615395527496883
987 31.583144365153224
988 31.583144365153224
989 31.583144365153224
990 31.99627295014876
991 32.85610118252514
992 32.34247976261797
993 32.34247976261797
994 31.231938061061214
995 31.231938061061214
996 31.231938061061214
997 31.231938061061214
998 31.231938061061214
999 31.231938061061214
