0 203.5
1 205.0
2 106.5
3 86.83333333333333
4 77.5
5 60.5
6 68.5
7 68.5
8 68.5
9 68.5
10 65.5
11 65.5
12 65.0
13 65.0
14 65.0
15 65.0
16 65.0
17 64.0
18 64.0
19 65.4937007437008
20 64.0
21 64.0
22 64.0
23 64.0
24 64.0
25 64.0
26 64.0
27 64.0
28 64.0
29 64.0
30 64.0
31 64.0
32 64.0
33 64.0
34 64.0
35 64.0
36 64.0
37 64.0
38 64.0
39 64.0
40 64.0
41 64.0
42 64.0
43 64.0
44 64.0
45 64.0
46 64.0
47 64.0
48 64.0
49 64.0
50 64.0
51 64.0
52 64.0
53 64.0
54 64.0
55 64.0
56 64.0
57 64.0
58 64.0
59 64.0
60 64.0
61 64.0
62 64.0
63 64.0
64 64.0
65 64.0
66 64.0
67 64.0
68 64.0
69 64.0
