0 411.5
1 334.5
2 282.0
3 248.5
4 212.5
5 212.5
6 209.0
7 206.5
8 171.5
9 163.5
10 163.5
11 162.5
12 120.0
13 153.91666666666666
14 117.5
15 117.0
16 117.0
17 117.0
18 122.01666666666672
19 139.65714285714293
20 165.27857142857144
21 152.67857142857153
22 147.83690476190472
23 144.05238095238096
24 143.21904761904773
25 143.21904761904773
26 141.72222222222234
27 140.22222222222234
28 139.49761904761914
29 139.49761904761914
30 144.26507936507943
31 134.60331890331895
32 151.13131313131328
33 138.69823232323242
34 138.69823232323242
35 138.59267676767686
36 138.5411616161617
37 138.5411616161617
38 137.47546897546903
39 137.4080447330448
40 137.4913780663781
41 139.96724386724392
42 133.58769841269847
43 120.0
44 120.0
45 120.0
46 120.0
47 120.0
48 120.0
49 120.0
50 120.0
51 120.0
52 120.0
53 120.0
54 120.0
55 120.0
56 120.0
57 120.0
58 120.0
59 120.0
60 120.0
61 120.0
62 120.0
63 120.0
64 120.0
65 120.0
66 120.0
67 120.0
68 120.0
69 120.0
70 120.0
71 120.0
72 120.0
73 120.0
74 120.0
75 120.0
76 120.0
77 120.0
78 120.0
79 120.0
80 120.0
81 120.0
82 120.0
83 120.0
84 120.0
85 120.0
86 120.0
87 120.0
88 120.0
89 120.0
90 120.0
91 120.0
92 129.0135372926008
93 138.0686566873101
94 148.4904527318229
95 139.2602260828269
96 139.2602260828269
97 139.2602260828269
98 148.36377277263514
99 139.67107865474753
100 139.67107865474753
101 139.67107865474753
102 139.67107865474753
103 130.85198339242453
104 130.85198339242453
105 130.85198339242453
106 130.85198339242453
107 130.85198339242453
108 120.0
109 120.0
110 120.0
111 120.0
112 120.0
113 120.0
114 120.0
115 120.0
116 120.0
117 120.0
118 120.0
119 120.0
120 120.0
121 120.0
122 120.0
123 120.0
124 120.0
125 128.93877307333193
126 120.0
127 120.0
128 120.0
129 120.0
130 120.0
131 120.0
132 120.0
133 120.0
134 120.0
135 120.0
136 120.0
137 120.0
138 120.0
139 120.0
140 120.0
141 120.0
142 120.0
143 120.0
144 120.0
145 120.0
146 120.0
147 120.0
148 120.0
149 120.0
150 120.0
151 120.0
152 120.0
153 120.0
154 120.0
155 120.0
156 120.0
157 120.0
158 120.0
159 120.0
160 120.0
161 120.0
162 120.0
163 120.0
164 120.0
165 120.0
166 120.0
167 120.0
168 120.0
169 120.0
170 120.0
171 120.0
172 120.0
173 120.0
174 120.0
175 120.0
176 120.0
177 120.0
178 120.0
179 120.0
180 120.0
181 120.0
182 120.0
183 120.0
184 120.0
185 120.0
186 120.0
187 120.0
188 120.0
189 120.0
190 120.0
191 120.0
192 120.0
193 120.0
194 120.0
195 120.0
196 120.0
197 120.0
198 120.0
199 120.0
200 120.0
201 120.0
202 120.0
203 120.0
204 120.0
205 120.0
206 120.0
207 120.0
208 120.0
209 120.0
210 120.0
211 120.0
212 120.0
213 120.0
214 120.0
215 120.0
216 120.0
217 120.0
218 120.0
219 120.0
220 120.0
221 120.0
222 120.0
223 120.0
224 120.0
225 120.0
226 120.0
227 120.0
228 120.0
229 120.0
230 120.0
231 120.0
232 120.0
233 120.0
234 120.0
235 120.0
236 120.0
237 120.0
238 120.0
239 120.0
240 120.0
241 120.0
242 120.0
243 120.0
244 120.0
245 120.0
246 120.0
247 120.0
248 120.0
249 120.0
250 120.0
251 120.0
252 120.0
253 120.0
254 120.0
255 120.0
256 120.0
257 120.0
258 120.0
259 120.0
260 120.0
261 120.0
262 120.0
263 120.0
264 120.0
265 120.0
266 120.0
267 120.0
268 120.0
269 120.0
270 120.0
271 120.0
272 120.0
273 120.0
274 130.8808946557398
275 120.0
276 120.0
277 123.7905303030303
278 120.0
279 120.0
280 120.0
281 120.0
282 120.0
283 120.0
284 120.0
285 120.0
286 120.0
287 120.0
288 120.0
289 120.0
290 120.0
291 120.0
292 120.0
293 120.0
294 120.0
295 120.0
296 120.0
297 120.0
298 120.0
299 120.0
300 120.0
301 120.0
302 120.0
303 120.0
304 120.0
305 120.0
306 120.0
307 120.0
308 120.0
309 120.0
310 120.0
311 120.0
312 120.0
313 120.0
314 120.0
315 120.0
316 120.0
317 120.0
318 120.0
319 120.0
320 120.0
321 120.0
322 120.0
323 129.22509435009434
324 120.0
325 120.0
326 120.0
327 120.0
328 120.0
329 120.0
330 120.0
331 120.0
332 120.0
333 120.0
334 120.0
335 120.0
336 120.0
337 120.0
338 120.0
339 120.0
340 120.0
341 120.0
342 120.0
343 120.0
344 120.0
345 120.0
346 120.0
347 120.0
348 120.0
349 120.0
350 120.0
351 120.0
352 120.0
353 120.0
354 120.0
355 120.0
356 120.0
357 120.0
358 120.0
359 120.0
360 120.0
361 120.0
362 120.0
363 120.0
364 120.0
365 120.0
366 120.0
367 120.0
368 120.0
369 120.0
370 120.0
371 120.0
372 120.0
373 120.0
374 120.0
375 120.0
376 120.0
377 120.0
378 120.03647186147185
379 120.0
380 120.0
381 120.0
382 120.0
383 120.0
384 120.0
385 120.0
386 120.0
387 120.0
388 120.0
389 120.0
390 120.0
391 120.0
392 120.0
393 120.0
394 120.0
395 120.0
396 120.0
397 120.0
398 120.0
399 120.0
400 120.0
401 120.0
402 120.0
403 120.0
404 120.0
405 120.0
406 120.0
407 120.0
408 120.0
409 120.0
410 120.0
411 120.0
412 120.0
413 120.0
414 120.0
415 120.0
416 120.0
417 120.0
418 120.0
419 120.0
420 120.0
421 120.0
422 120.0
423 120.0
424 120.0
425 120.0
426 120.0
427 120.0
428 120.0
429 129.04682539682543
430 120.0
431 120.0
432 120.0
433 120.0
434 120.0
435 120.0
436 120.0
437 120.0
438 120.0
439 120.0
440 120.0
441 120.0
442 120.0
443 120.0
444 126.46996336996341
445 120.0
446 120.0
447 120.0
448 120.0
449 120.0
450 120.0
451 120.0
452 120.0
453 120.0
454 120.0
455 120.0
456 120.0
457 120.0
458 120.0
459 120.0
460 120.0
461 120.0
462 120.0
463 120.0
464 120.0
465 120.0
466 120.0
467 120.0
468 120.0
469 120.0
470 120.0
471 120.0
472 120.0
473 120.0
474 120.0
475 120.0
476 120.0
477 120.0
478 120.0
479 120.0
480 120.0
481 120.0
482 120.0
483 120.0
484 120.0
485 120.0
486 120.0
487 120.0
488 120.0
489 120.0
490 120.0
491 120.0
492 120.0
493 120.0
494 120.0
495 120.0
496 120.0
497 120.0
498 120.0
499 120.0
500 120.0
501 120.0
502 120.0
503 120.0
504 120.0
505 120.0
506 120.0
507 120.0
508 120.0
509 120.0
510 120.0
511 120.0
512 120.0
513 120.0
514 120.0
515 120.0
516 120.0
517 120.0
518 120.0
519 120.0
520 120.0
521 120.0
522 120.0
523 120.0
524 120.0
525 120.0
526 120.0
527 120.0
528 120.0
529 120.0
530 120.0
531 129.92915633434785
532 120.0
533 120.0
534 120.0
535 120.0
536 125.85003607503609
537 120.0
538 120.0
539 120.0
540 120.0
541 120.0
542 120.0
543 120.0
544 120.0
545 120.0
546 120.0
547 120.0
548 120.0
549 120.0
550 120.0
551 120.0
552 120.0
553 120.0
554 120.0
555 120.0
556 120.0
557 120.0
558 120.0
559 120.0
560 120.0
561 120.0
562 120.0
563 120.0
564 120.0
565 120.0
566 120.0
567 120.0
568 120.0
569 120.0
570 120.0
571 120.0
572 120.0
573 120.0
574 120.0
575 120.0
576 120.0
577 120.0
578 120.0
579 120.0
580 120.0
581 120.0
582 120.0
583 120.0
584 120.0
585 120.0
586 120.0
587 120.0
588 120.0
589 120.0
590 120.0
591 120.0
592 120.0
593 120.0
594 120.0
595 120.0
596 120.0
597 120.0
598 120.0
599 120.0
600 120.0
601 120.0
602 120.0
603 120.0
604 120.0
605 120.0
606 120.0
607 120.0
608 120.0
609 120.0
610 120.0
611 120.0
612 120.0
613 120.0
614 120.0
615 120.0
616 120.0
617 120.0
618 120.0
619 120.0
620 120.0
621 120.0
622 120.0
623 120.0
624 120.0
625 120.0
626 120.0
627 120.0
628 120.0
629 120.0
630 120.0
631 120.0
632 120.0
633 120.0
634 120.0
635 120.0
636 120.0
637 120.0
638 120.0
639 120.0
640 120.0
641 120.0
642 120.0
643 120.0
644 120.0
645 120.0
646 120.0
647 120.0
648 120.0
649 120.0
650 120.0
651 120.0
652 120.0
653 120.0
654 120.0
655 120.0
656 120.0
657 120.0
658 120.0
659 120.0
660 120.0
661 120.0
662 120.0
663 120.0
664 120.0
665 120.0
666 120.0
667 120.0
668 120.0
669 120.0
670 120.0
671 120.0
672 120.0
673 120.0
674 120.0
675 120.0
676 120.0
677 120.0
678 120.0
679 120.0
680 120.0
681 120.0
682 120.0
683 120.0
684 120.0
685 120.0
686 120.0
687 120.0
688 120.0
689 120.0
690 120.0
691 120.0
692 120.0
693 120.0
694 120.0
695 120.0
696 120.0
697 120.0
698 120.0
699 120.0
700 120.0
701 120.0
702 120.0
703 120.0
704 120.0
705 120.0
706 120.0
707 120.0
708 120.0
709 120.0
710 120.0
711 120.0
712 120.0
713 120.0
714 120.0
715 120.0
716 120.0
717 120.0
718 120.0
719 120.0
720 120.0
721 120.0
722 120.0
723 120.0
724 120.0
725 120.0
726 120.0
727 120.0
728 120.0
729 120.0
730 120.0
731 120.0
732 120.0
733 120.0
734 120.0
735 120.0
736 120.0
737 120.0
738 120.0
739 120.0
740 120.0
741 120.0
742 120.0
743 120.0
744 128.21676887204717
745 120.0
746 120.0
747 120.0
748 120.0
749 132.05863831301147
750 120.0
751 120.0
752 120.0
753 120.0
754 120.0
755 120.0
756 120.0
757 120.0
758 120.0
759 120.0
760 120.0
761 120.0
762 120.0
763 120.0
764 120.0
765 120.0
766 120.0
767 120.0
768 120.0
769 120.0
770 120.0
771 120.0
772 120.0
773 120.0
774 120.0
775 120.0
776 120.0
777 120.0
778 120.0
779 120.0
780 120.0
781 120.0
782 120.0
783 120.0
784 120.0
785 120.0
786 120.0
787 120.0
788 120.0
789 120.0
790 120.0
791 120.0
792 120.0
793 120.0
794 120.0
795 120.0
796 120.0
797 120.0
798 120.0
799 120.0
800 120.0
801 120.0
802 120.0
803 120.0
804 120.0
805 120.0
806 120.0
807 120.0
808 120.0
809 120.0
810 120.0
811 120.0
812 120.0
813 120.0
814 120.0
815 120.0
816 120.0
817 120.0
818 120.0
819 120.0
820 120.0
821 120.0
822 120.0
823 120.0
824 120.0
825 120.0
826 120.0
827 120.0
828 120.0
829 120.0
830 120.0
831 120.0
832 120.0
833 120.0
834 120.0
835 120.0
836 120.0
837 120.0
838 120.0
839 120.0
840 120.0
841 120.0
842 120.0
843 120.0
844 120.0
845 120.0
846 120.0
847 128.82150072150074
848 141.28382450882452
849 128.6906926406927
850 128.6906926406927
851 120.0
852 120.0
853 120.0
854 120.0
855 120.0
856 120.0
857 120.0
858 120.0
859 120.0
860 120.0
861 120.0
862 120.0
863 120.0
864 120.0
865 120.0
866 120.0
867 120.0
868 129.6001415251416
869 120.0
870 120.0
871 120.0
872 120.0
873 120.0
874 120.0
875 120.0
876 120.0
877 120.0
878 120.0
879 120.0
880 120.0
881 120.0
882 120.0
883 120.0
884 120.0
885 120.0
886 120.0
887 120.0
888 120.0
889 120.0
890 120.0
891 120.0
892 120.0
893 120.0
894 120.0
895 120.0
896 120.0
897 120.0
898 120.0
899 120.0
900 120.0
901 120.0
902 120.0
903 120.0
904 120.0
905 120.0
906 120.0
907 120.0
908 126.7833666333666
909 127.80939060939059
910 126.7833666333666
911 126.7833666333666
912 139.41143023643025
913 133.16779609279615
914 133.16779609279615
915 133.16779609279615
916 120.0
917 120.0
918 120.0
919 120.0
920 120.0
921 120.0
922 120.0
923 120.0
924 120.0
925 120.0
926 120.0
927 120.0
928 120.0
929 120.0
930 120.0
931 120.0
932 120.0
933 120.0
934 120.0
935 120.0
936 120.0
937 120.0
938 120.0
939 120.0
940 120.0
941 120.0
942 120.0
943 120.0
944 120.0
945 120.0
946 120.0
947 120.0
948 120.0
949 120.0
950 120.0
951 120.0
952 120.0
953 120.0
954 120.0
955 120.0
956 120.0
957 120.0
958 119.38671369480193
959 120.0
960 120.0
961 120.0
962 120.0
963 120.0
964 120.0
965 120.0
966 120.0
967 120.0
968 120.0
969 120.0
970 120.0
971 120.0
972 120.0
973 120.0
974 120.0
975 120.0
976 120.0
977 120.0
978 120.0
979 120.0
980 120.0
981 120.0
982 120.0
983 120.0
984 120.0
985 120.0
986 120.0
987 120.0
988 120.0
989 120.0
990 120.0
991 120.0
992 120.0
993 120.0
994 120.0
995 120.0
996 120.0
997 120.0
998 120.0
999 120.0
