0 331.0
1 346.5
2 288.5
3 211.5
4 206.0
5 177.33333333333331
6 147.0
7 180.66666666666663
8 152.16666666666666
9 151.16666666666666
10 138.81666666666663
11 138.81666666666663
12 146.48333333333326
13 169.0666666666667
14 147.25
15 147.25
16 146.25
17 148.13333333333333
18 140.33333333333331
19 138.04999999999998
20 136.3166666666667
21 133.2166666666667
22 124.7166666666667
23 111.55000000000001
24 111.95238095238098
25 110.47380952380949
26 115.22460317460315
27 121.3738095238096
28 130.85642135642146
29 128.96766289266301
30 129.14332611832626
31 121.43023088023097
32 107.25046897546906
33 107.25046897546906
34 107.25046897546906
35 106.45761183261192
36 110.12662337662348
37 106.3524531024532
38 107.1865800865802
39 106.36515151515162
40 104.09895382395398
41 106.79401154401162
42 102.41546231546235
43 102.16376678876685
44 101.5778138528139
45 99.6374458874459
46 99.6374458874459
47 98.9159007659008
48 98.83285325785327
49 98.86647796647799
50 98.916477966478
51 98.916477966478
52 98.916477966478
53 98.916477966478
54 98.916477966478
55 98.916477966478
56 98.916477966478
57 98.916477966478
58 102.22463092463093
59 102.22463092463093
60 104.91471028971029
61 104.91471028971029
62 104.91471028971029
63 104.91471028971029
64 104.91471028971029
65 104.91471028971029
66 102.92910700410702
67 102.92910700410702
68 99.9805860805861
69 99.9805860805861
70 99.9805860805861
71 99.9805860805861
72 99.9805860805861
73 103.15208680208686
74 103.15208680208686
75 104.72038517038526
76 102.55682373182377
77 102.55682373182377
78 104.74481572349227
79 101.74531650839707
80 101.74531650839707
81 101.88780663780666
82 101.88780663780666
83 101.88780663780666
84 101.88780663780666
85 101.88780663780666
86 101.88780663780666
87 105.52103174603175
88 105.52103174603175
89 105.52103174603175
90 105.52103174603175
91 105.52103174603175
92 105.52103174603175
93 105.52103174603175
94 105.52103174603175
95 105.52103174603175
96 111.01349206349208
97 111.01349206349208
98 111.01349206349208
99 111.01349206349208
100 111.01349206349208
101 117.33940671042069
102 106.06599401200805
103 99.47817460317464
104 99.47817460317464
105 104.36190476190484
106 104.36190476190484
107 104.36190476190484
108 115.3428571428572
109 115.3428571428572
110 124.09285714285711
111 124.09285714285711
112 124.09285714285711
113 124.09285714285711
114 124.09285714285711
115 124.09285714285711
116 124.09285714285711
117 115.84047619047622
118 115.84047619047622
119 122.35238095238093
120 122.35238095238093
121 122.35238095238093
122 122.35238095238093
123 120.73505106005105
124 121.85238095238093
125 121.85238095238093
126 135.5
127 135.5
128 135.5
129 189.5
130 189.5
131 189.5
132 189.5
133 189.5
134 189.5
135 189.5
136 189.5
137 189.5
138 188.0
139 188.0
140 188.0
141 188.0
142 188.0
143 188.0
144 188.0
145 182.40816128316123
146 188.0
147 188.0
148 188.0
149 188.0
150 188.0
151 139.21666666666664
152 139.21666666666664
153 139.21666666666664
154 139.21666666666664
155 139.21666666666664
156 139.21666666666664
157 139.21666666666664
158 139.21666666666664
159 139.21666666666664
160 139.21666666666664
161 139.21666666666664
162 178.0
163 178.0
164 178.0
165 178.0
166 178.0
167 178.0
168 178.0
169 178.0
170 178.0
171 178.0
172 178.0
173 178.0
174 178.0
175 178.0
176 179.0
177 179.0
178 179.0
179 179.0
180 179.0
181 179.0
182 182.0
183 182.0
184 182.0
185 182.0
186 133.56785714285712
187 133.56785714285712
188 133.56785714285712
189 179.5
190 179.5
191 179.5
192 179.5
193 179.5
194 179.5
195 179.5
196 179.5
197 179.5
198 179.5
199 179.5
200 179.5
201 179.5
202 179.5
203 179.5
204 179.5
205 179.5
206 179.5
207 179.5
208 179.5
209 172.08535076035076
210 176.5
211 176.5
212 176.5
213 176.5
214 176.5
215 176.5
216 143.37782495282494
217 125.43520923520924
218 102.65441225441222
219 102.65441225441222
220 109.51115828615828
221 109.51115828615828
222 109.81666666666669
223 109.81666666666669
224 187.5
225 187.5
226 187.5
227 187.5
228 187.5
229 187.5
230 187.5
231 187.5
232 187.5
233 187.5
234 187.5
235 187.5
236 187.5
237 187.5
238 187.5
239 187.5
240 187.5
241 187.5
242 187.5
243 138.22157287157285
244 138.22157287157285
245 121.57115107115108
246 142.88823953823953
247 142.88823953823953
248 135.55824037074032
249 144.09581529581527
250 144.09581529581527
251 144.09581529581527
252 144.09581529581527
253 144.09581529581527
254 142.15661005661005
255 133.46600523659345
256 145.3232767232767
257 145.3232767232767
258 145.3232767232767
259 145.3232767232767
260 145.3232767232767
261 146.90753968253966
262 146.90753968253966
263 146.90753968253966
264 146.90753968253966
265 134.31252903013743
266 178.8549893475977
267 178.8549893475977
268 178.8549893475977
269 140.22403696664534
270 145.29761904761904
271 145.29761904761904
272 145.29761904761904
273 145.29761904761904
274 145.29761904761904
275 145.29761904761904
276 123.9852564102564
277 152.7209706959707
278 152.7209706959707
279 113.4952491952492
280 139.070115995116
281 139.070115995116
282 139.070115995116
283 139.070115995116
284 139.070115995116
285 139.070115995116
286 173.5
287 173.5
288 173.5
289 173.5
290 112.60714285714286
291 112.60714285714286
292 112.60714285714286
293 108.67619047619044
294 108.67619047619044
295 114.94999999999999
296 114.94999999999999
297 114.94999999999999
298 114.94999999999999
299 170.5
300 170.5
301 170.5
302 170.5
303 170.5
304 170.5
305 170.5
306 170.5
307 170.5
308 173.0
309 173.0
310 185.5
311 185.5
312 185.5
313 116.21071428571429
314 116.21071428571429
315 116.21071428571429
316 116.21071428571429
317 116.21071428571429
318 169.0
319 169.0
320 169.0
321 169.0
322 169.0
323 171.5
324 171.5
325 171.5
326 171.5
327 171.5
328 171.5
329 171.5
330 125.36476578976581
331 171.5
332 171.5
333 171.5
334 171.5
335 171.5
336 172.0
337 172.0
338 172.0
339 172.0
340 172.0
341 172.0
342 172.0
343 119.03809523809525
344 119.03809523809525
345 170.0
346 170.0
347 170.0
348 170.0
349 170.0
350 170.0
351 170.0
352 170.0
353 170.0
354 111.35000000000001
355 111.35000000000001
356 111.35000000000001
357 111.35000000000001
358 167.5
359 167.5
360 127.06785714285716
361 127.06785714285716
362 127.06785714285716
363 127.06785714285716
364 127.06785714285716
365 127.06785714285716
366 167.5
367 167.5
368 167.5
369 167.5
370 167.5
371 167.5
372 167.5
373 167.5
374 167.5
375 165.5
376 165.5
377 142.76666666666668
378 142.76666666666668
379 142.76666666666668
380 142.76666666666668
381 142.76666666666668
382 142.76666666666668
383 142.76666666666668
384 142.76666666666668
385 142.76666666666668
386 142.76666666666668
387 142.76666666666668
388 164.5
389 164.5
390 164.5
391 164.5
392 164.5
393 164.5
394 164.5
395 164.5
396 113.19404761904762
397 113.19404761904762
398 113.19404761904762
399 113.19404761904762
400 113.19404761904762
401 113.19404761904762
402 164.5
403 164.5
404 164.5
405 164.5
406 164.5
407 164.5
408 164.5
409 164.5
410 164.5
411 164.5
412 164.5
413 164.5
414 164.5
415 164.5
416 164.5
417 164.5
418 164.5
419 164.5
420 164.5
421 164.5
422 164.5
423 164.5
424 164.5
425 164.5
426 164.5
427 164.5
428 164.5
429 164.5
430 164.5
431 164.5
432 164.5
433 164.5
434 164.5
435 130.5877931708815
436 162.0
437 162.0
438 162.0
439 162.0
440 162.0
441 162.0
442 162.0
443 162.0
444 162.0
445 162.0
446 162.0
447 162.0
448 162.5
449 162.5
450 162.5
451 162.5
452 162.5
453 162.5
454 162.5
455 162.5
456 162.5
457 162.5
458 106.00000000000001
459 106.00000000000001
460 106.00000000000001
461 106.00000000000001
462 106.00000000000001
463 106.00000000000001
464 106.00000000000001
465 98.55000000000001
466 98.55000000000001
467 98.55000000000001
468 98.55000000000001
469 106.00000000000001
470 106.00000000000001
471 106.00000000000001
472 162.5
473 162.5
474 162.5
475 162.5
476 162.5
477 162.5
478 162.5
479 165.5
480 165.5
481 165.5
482 165.5
483 165.5
484 165.5
485 165.5
486 165.5
487 183.5
488 183.5
489 183.5
490 183.5
491 183.5
492 183.5
493 183.5
494 183.5
495 183.5
496 183.5
497 183.5
498 183.5
499 183.5
500 183.5
501 183.5
502 188.0
503 188.0
504 188.0
505 141.19326506826508
506 188.0
507 188.0
508 188.0
509 188.0
510 209.5
511 209.5
512 209.5
513 209.5
514 180.3637889887889
515 124.541872016872
516 124.541872016872
517 124.541872016872
518 124.541872016872
519 124.541872016872
520 124.541872016872
521 135.79285714285717
522 135.79285714285717
523 190.5
524 190.5
525 190.5
526 190.5
527 190.5
528 190.5
529 190.5
530 190.5
531 147.56666666666672
532 147.56666666666672
533 187.5
534 187.5
535 187.5
536 187.5
537 187.5
538 187.5
539 187.5
540 187.5
541 187.5
542 187.5
543 187.5
544 187.5
545 187.5
546 187.5
547 187.5
548 187.5
549 187.5
550 187.5
551 187.5
552 187.5
553 187.5
554 188.0
555 188.0
556 188.0
557 188.0
558 188.0
559 188.0
560 188.0
561 188.0
562 188.0
563 188.0
564 188.0
565 188.0
566 188.0
567 191.5
568 191.5
569 191.5
570 191.5
571 191.5
572 191.5
573 191.5
574 191.5
575 188.5
576 188.5
577 188.5
578 188.5
579 188.5
580 188.5
581 188.5
582 188.5
583 188.5
584 188.5
585 164.4595598845599
586 124.4707681207682
587 163.9595598845599
588 163.9595598845599
589 163.9595598845599
590 175.0
591 175.0
592 175.0
593 175.0
594 135.68571428571434
595 135.68571428571434
596 135.68571428571434
597 135.68571428571434
598 172.5
599 172.5
600 172.5
601 172.5
602 172.5
603 172.5
604 123.51666666666671
605 123.51666666666671
606 123.51666666666671
607 124.74141830391834
608 116.41666666666669
609 116.41666666666669
610 116.41666666666669
611 116.41666666666669
612 116.41666666666669
613 116.41666666666669
614 116.41666666666669
615 116.41666666666669
616 116.41666666666669
617 116.41666666666669
618 116.41666666666669
619 116.41666666666669
620 165.5
621 165.5
622 165.5
623 165.5
624 165.5
625 165.5
626 165.5
627 165.5
628 165.5
629 165.5
630 165.5
631 165.5
632 165.5
633 170.0
634 170.0
635 170.0
636 170.0
637 170.0
638 170.0
639 170.0
640 170.0
641 204.0
642 204.0
643 204.0
644 204.0
645 204.0
646 204.0
647 204.0
648 205.5
649 205.5
650 205.5
651 205.5
652 205.5
653 205.5
654 205.5
655 205.5
656 205.5
657 206.28228596768525
658 205.5
659 205.5
660 205.5
661 205.5
662 206.0
663 206.0
664 119.18333333333332
665 119.18333333333332
666 119.18333333333332
667 119.18333333333332
668 119.18333333333332
669 177.5
670 177.5
671 196.0
672 196.0
673 196.0
674 196.0
675 196.0
676 196.0
677 196.0
678 196.0
679 196.0
680 196.0
681 196.0
682 196.0
683 196.0
684 196.0
685 196.0
686 196.0
687 197.5
688 197.5
689 197.5
690 197.5
691 197.5
692 197.5
693 197.5
694 197.5
695 197.5
696 197.5
697 197.5
698 197.5
699 197.5
700 197.5
701 197.5
702 197.5
703 197.5
704 197.5
705 197.5
706 197.5
707 205.06561404281993
708 197.5
709 197.5
710 197.5
711 143.6848706848707
712 197.0
713 197.0
714 179.5869489128002
715 193.0
716 193.0
717 193.0
718 193.0
719 193.0
720 193.0
721 193.0
722 193.0
723 193.0
724 193.0
725 193.0
726 193.0
727 193.0
728 193.0
729 193.0
730 193.0
731 193.0
732 193.0
733 193.0
734 193.0
735 193.0
736 193.0
737 193.0
738 193.0
739 150.10595238095237
740 150.10595238095237
741 150.10595238095237
742 150.10595238095237
743 150.10595238095237
744 150.10595238095237
745 150.10595238095237
746 150.10595238095237
747 135.56814296814298
748 147.27261904761903
749 147.27261904761903
750 191.5
751 191.5
752 194.0
753 194.0
754 194.0
755 194.0
756 194.0
757 194.0
758 194.0
759 194.0
760 194.0
761 194.0
762 194.0
763 194.5
764 194.5
765 194.5
766 194.5
767 194.5
768 194.5
769 194.5
770 194.5
771 194.5
772 194.5
773 194.5
774 194.5
775 182.62320041070035
776 194.5
777 194.5
778 194.5
779 194.5
780 194.5
781 194.5
782 194.5
783 194.5
784 194.5
785 194.5
786 194.5
787 194.5
788 194.5
789 194.5
790 194.5
791 194.5
792 194.5
793 194.5
794 194.5
795 194.5
796 195.0
797 195.0
798 201.0
799 201.0
800 201.0
801 201.0
802 201.0
803 201.0
804 201.0
805 201.0
806 201.0
807 201.0
808 201.0
809 201.0
810 156.81309523809517
811 156.81309523809517
812 198.5
813 198.5
814 198.5
815 198.5
816 198.5
817 139.6166666666667
818 139.6166666666667
819 139.6166666666667
820 195.0
821 195.0
822 195.0
823 195.0
824 195.0
825 195.0
826 195.0
827 204.5
828 204.5
829 204.5
830 204.5
831 204.5
832 204.5
833 204.5
834 204.5
835 204.5
836 194.88906185403857
837 204.5
838 204.5
839 204.5
840 204.5
841 204.5
842 204.5
843 204.5
844 204.5
845 204.5
846 204.5
847 204.5
848 204.5
849 204.5
850 204.5
851 204.5
852 204.5
853 204.5
854 164.64683649683647
855 154.05492146742145
856 164.47941225441224
857 164.47941225441224
858 164.47941225441224
859 164.47941225441224
860 164.47941225441224
861 164.47941225441224
862 164.47941225441224
863 164.47941225441224
864 164.47941225441224
865 164.47941225441224
866 164.47941225441224
867 164.47941225441224
868 164.47941225441224
869 202.5
870 202.5
871 202.5
872 202.5
873 202.5
874 202.5
875 202.5
876 202.5
877 202.5
878 202.5
879 202.5
880 202.5
881 202.5
882 202.5
883 125.45238095238099
884 125.45238095238099
885 183.0
886 183.0
887 183.0
888 183.0
889 183.0
890 183.0
891 183.0
892 183.0
893 183.0
894 183.0
895 183.0
896 183.0
897 183.0
898 183.0
899 183.0
900 145.25411255411254
901 145.25411255411254
902 145.25411255411254
903 145.25411255411254
904 184.0
905 184.0
906 138.54761904761907
907 179.0
908 179.0
909 179.0
910 179.0
911 179.0
912 179.0
913 179.0
914 182.0
915 182.0
916 182.0
917 182.0
918 182.0
919 182.0
920 182.0
921 182.0
922 182.0
923 182.0
924 182.0
925 182.0
926 182.0
927 182.0
928 124.36666666666669
929 124.36666666666669
930 124.36666666666669
931 124.36666666666669
932 124.36666666666669
933 124.36666666666669
934 124.36666666666669
935 124.36666666666669
936 181.0
937 181.0
938 181.0
939 181.0
940 181.0
941 181.0
942 208.5
943 208.5
944 208.5
945 208.5
946 208.5
947 208.5
948 208.5
949 208.5
950 208.5
951 208.5
952 208.5
953 208.5
954 208.5
955 208.5
956 208.5
957 208.5
958 208.5
959 208.5
960 208.5
961 208.5
962 141.72006408624057
963 181.0
964 181.0
965 181.0
966 181.0
967 181.0
968 124.43452380952384
969 183.5
970 183.5
971 183.5
972 118.15
973 118.15
974 118.15
975 118.15
976 118.15
977 118.15
978 110.4049755799756
979 117.53333333333335
980 117.53333333333335
981 117.53333333333335
982 117.53333333333335
983 194.5
984 194.5
985 194.5
986 137.37749872676343
987 177.0
988 177.0
989 137.89718337218332
990 176.0
991 176.0
992 176.0
993 186.5
994 186.5
995 186.5
996 187.0
997 187.0
998 207.5
999 207.5
