0 273.5
1 226.0
2 221.5
3 207.0
4 170.5
5 163.5
6 163.5
7 163.5
8 114.83333333333333
9 105.5
10 83.0
11 83.58333333333333
12 100.25
13 94.25
14 102.75
15 106.74999999999996
16 124.39999999999998
17 113.76666666666664
18 97.75
19 92.25
20 92.25
21 105.53333333333332
22 123.0833333333333
23 124.02182539682538
24 123.0833333333333
25 122.5833333333333
26 103.0
27 103.0
28 97.14999999999996
29 97.34999999999997
30 102.93809523809523
31 102.93809523809523
32 102.93809523809523
33 106.60476190476189
34 99.73293650793649
35 100.91984126984124
36 99.87884615384614
37 96.16336996336995
38 96.24836274836275
39 96.24836274836275
40 94.16279276279276
41 94.16279276279276
42 94.16279276279276
43 90.29609002109005
44 92.77653735153739
45 93.03844211344217
46 93.03844211344217
47 89.52614134231781
48 89.39203655821309
49 88.91378702996352
50 89.39203655821309
51 89.39203655821309
52 89.39203655821309
53 89.39203655821309
54 89.39203655821309
55 83.8497000333687
56 84.01378594745464
57 84.01378594745464
58 81.8040334450551
59 75.77442073750129
60 75.77442073750129
61 75.77442073750129
62 75.77442073750129
63 76.43160758659987
64 76.43160758659987
65 76.43160758659987
66 76.43160758659987
67 76.43160758659987
68 76.43160758659987
69 69.1608992314875
70 69.1608992314875
71 69.1608992314875
72 69.1608992314875
73 69.1608992314875
74 68.26942126500954
75 68.26942126500954
76 65.69415763974592
77 66.60731947790775
78 66.60731947790775
79 66.60731947790775
80 66.60731947790775
81 56.952075130751616
82 56.952075130751616
83 56.952075130751616
84 53.45940725940729
85 53.45940725940729
86 53.29536852036852
87 53.29536852036852
88 53.29790626040627
89 53.29790626040627
90 54.598339160839174
91 54.598339160839174
92 54.95669053169055
93 54.95669053169055
94 54.95669053169055
95 54.95669053169055
96 54.95669053169055
97 54.95669053169055
98 54.95669053169055
99 55.03717393717395
100 55.03717393717395
101 55.03717393717395
102 55.03717393717395
103 55.03717393717395
104 56.28198468198468
105 56.28198468198468
106 56.28198468198468
107 56.28198468198468
108 56.28198468198468
109 56.28198468198468
110 56.28198468198468
111 56.28198468198468
112 56.28198468198468
113 56.28198468198468
114 56.28198468198468
115 56.28198468198468
116 56.28198468198468
117 56.28198468198468
118 56.28198468198468
119 56.28198468198468
120 56.28198468198468
121 56.28198468198468
122 56.28198468198468
123 56.28198468198468
124 56.28198468198468
125 54.53116883116886
126 54.53116883116886
127 54.53116883116886
128 54.53116883116886
129 54.53116883116886
130 54.53116883116886
131 54.53116883116886
132 54.53116883116886
133 56.573498723498744
134 56.573498723498744
135 57.0901653901654
136 57.0901653901654
137 57.0901653901654
138 57.0901653901654
139 57.0901653901654
140 57.0901653901654
141 57.0901653901654
142 57.0901653901654
143 57.0901653901654
144 57.0901653901654
145 57.0901653901654
146 57.0901653901654
147 57.0901653901654
148 57.0901653901654
149 57.0901653901654
150 57.0901653901654
151 57.0901653901654
152 57.0901653901654
153 57.0901653901654
154 57.0901653901654
155 57.0901653901654
156 57.0901653901654
157 57.0901653901654
158 57.0901653901654
159 57.0901653901654
160 57.0901653901654
161 57.0901653901654
162 57.0901653901654
163 57.35419857919859
164 57.35419857919859
165 57.35419857919859
166 57.35419857919859
167 57.35419857919859
168 57.35419857919859
169 57.35419857919859
170 57.35419857919859
171 57.35419857919859
172 57.35419857919859
173 57.34849872349874
174 57.34849872349874
175 57.34849872349874
176 57.34849872349874
177 60.18976856476859
178 60.18976856476859
179 60.18976856476859
180 60.18976856476859
181 60.18976856476859
182 60.18976856476859
183 60.18976856476859
184 60.18976856476859
185 56.431832056832086
186 56.431832056832086
187 56.431832056832086
188 56.431832056832086
189 56.431832056832086
190 56.431832056832086
191 56.431832056832086
192 56.431832056832086
193 56.431832056832086
194 56.431832056832086
195 56.431832056832086
196 56.431832056832086
197 56.431832056832086
198 56.431832056832086
199 56.431832056832086
200 58.39473932500254
201 57.82913752913755
202 57.82913752913755
203 57.82913752913755
204 59.887434787434785
205 59.887434787434785
206 59.887434787434785
207 59.887434787434785
208 61.726996859349796
209 61.726996859349796
210 61.726996859349796
211 61.726996859349796
212 58.03028083028082
213 58.03028083028082
214 58.03028083028082
215 57.33494283494285
216 57.33494283494285
217 57.33494283494285
218 57.33494283494285
219 57.33494283494285
220 57.33494283494285
221 57.33494283494285
222 57.33494283494285
223 57.33494283494285
224 57.33494283494285
225 57.33494283494285
226 57.33494283494285
227 54.87124542124543
228 54.87124542124543
229 54.87124542124543
230 54.87124542124543
231 54.87124542124543
232 54.87124542124543
233 52.5379120879121
234 52.5379120879121
235 52.5379120879121
236 60.05078255078256
237 61.70863303363305
238 61.70863303363305
239 61.4909451659452
240 61.4909451659452
241 61.4909451659452
242 61.4909451659452
243 68.39305694305698
244 72.97178932178936
245 72.97178932178936
246 76.98214285714292
247 76.98214285714292
248 76.98214285714292
249 76.98214285714292
250 76.98214285714292
251 76.98214285714292
252 69.65974025974029
253 60.975660450660506
254 50.874603174603195
255 50.874603174603195
256 50.874603174603195
257 51.374603174603195
258 51.374603174603195
259 51.374603174603195
260 51.374603174603195
261 51.374603174603195
262 51.374603174603195
263 50.30317460317461
264 50.30317460317461
265 50.30317460317461
266 50.30317460317461
267 50.30317460317461
268 50.30317460317461
269 49.252777777777794
270 49.252777777777794
271 57.998412698412714
272 57.998412698412714
273 57.998412698412714
274 57.998412698412714
275 57.998412698412714
276 57.998412698412714
277 57.998412698412714
278 57.998412698412714
279 57.998412698412714
280 57.960714285714296
281 57.960714285714296
282 57.960714285714296
283 57.960714285714296
284 57.960714285714296
285 57.960714285714296
286 57.960714285714296
287 61.46666666666664
288 61.46666666666664
289 61.46666666666664
290 61.46666666666664
291 62.7047619047619
292 62.7047619047619
293 69.68333333333337
294 69.68333333333337
295 69.68333333333337
296 69.68333333333337
297 69.68333333333337
298 69.68333333333337
299 69.68333333333337
300 69.68333333333337
301 69.68333333333337
302 69.68333333333337
303 69.68333333333337
304 69.68333333333337
305 69.68333333333337
306 69.68333333333337
307 59.53571428571429
308 59.53571428571429
309 59.53571428571429
310 59.53571428571429
311 59.53571428571429
312 59.53571428571429
313 59.53571428571429
314 59.53571428571429
315 59.53571428571429
316 59.53571428571429
317 59.53571428571429
318 59.53571428571429
319 53.20238095238096
320 53.20238095238096
321 53.20238095238096
322 54.535714285714306
323 54.535714285714306
324 66.96666666666665
325 66.96666666666665
326 79.85000000000001
327 79.85000000000001
328 79.85000000000001
329 79.85000000000001
330 91.85
331 91.85
332 92.19999999999999
333 92.19999999999999
334 92.19999999999999
335 92.19999999999999
336 92.19999999999999
337 92.19999999999999
338 92.19999999999999
339 92.19999999999999
340 92.19999999999999
341 92.19999999999999
342 92.19999999999999
343 92.19999999999999
344 92.19999999999999
345 92.19999999999999
346 92.19999999999999
347 83.57820445378498
348 79.59479270064375
349 88.62469407527456
350 97.09285714285713
351 97.09285714285713
352 97.28333333333332
353 97.28333333333332
354 96.55
355 96.55
356 108.33333333333333
357 108.33333333333333
358 99.82972582972583
359 99.82972582972583
360 99.82972582972583
361 99.82972582972583
362 99.82972582972583
363 99.82972582972583
364 99.82972582972583
365 99.82972582972583
366 99.82972582972583
367 105.09639249639245
368 105.09639249639245
369 105.09639249639245
370 105.09639249639245
371 105.09639249639245
372 105.09639249639245
373 105.09639249639245
374 105.09639249639245
375 118.58333333333336
376 118.58333333333336
377 118.58333333333336
378 118.58333333333336
379 118.58333333333336
380 171.5
381 171.5
382 171.5
383 171.5
384 171.5
385 171.5
386 171.5
387 171.5
388 171.5
389 171.5
390 171.5
391 114.16666666666669
392 114.16666666666669
393 114.16666666666669
394 114.16666666666669
395 114.16666666666669
396 168.5
397 168.5
398 168.5
399 168.5
400 168.5
401 168.5
402 168.5
403 168.5
404 168.5
405 168.5
406 168.5
407 168.5
408 126.19340094030497
409 110.93549228549226
410 110.93549228549226
411 77.46543636102463
412 77.46543636102463
413 80.70385627444455
414 80.70385627444455
415 80.70385627444455
416 80.70385627444455
417 80.70385627444455
418 80.70385627444455
419 80.70385627444455
420 80.70385627444455
421 80.70385627444455
422 80.70385627444455
423 80.70385627444455
424 67.18515512265513
425 67.18515512265513
426 68.96825396825399
427 68.96825396825399
428 68.96825396825399
429 65.09285714285716
430 65.09285714285716
431 65.09285714285716
432 65.09285714285716
433 65.09285714285716
434 65.09285714285716
435 90.38888888888887
436 68.38568931068933
437 68.38568931068933
438 68.38568931068933
439 68.38568931068933
440 62.319841269841284
441 62.319841269841284
442 62.319841269841284
443 62.319841269841284
444 62.319841269841284
445 62.319841269841284
446 55.95001110001111
447 55.14761904761906
448 55.14761904761906
449 55.14761904761906
450 55.14761904761906
451 55.14761904761906
452 55.14761904761906
453 55.14761904761906
454 55.14761904761906
455 55.14761904761906
456 55.14761904761906
457 55.14761904761906
458 55.14761904761906
459 72.24509379509378
460 56.28330835830837
461 56.28330835830837
462 56.28330835830837
463 56.28330835830837
464 56.28330835830837
465 56.28330835830837
466 56.28330835830837
467 56.28330835830837
468 56.28330835830837
469 55.75992063492064
470 55.75992063492064
471 55.75992063492064
472 55.41706349206347
473 55.41706349206347
474 55.41706349206347
475 55.41706349206347
476 55.41706349206347
477 55.41706349206347
478 79.890873015873
479 79.890873015873
480 60.00039682539683
481 60.00039682539683
482 60.00039682539683
483 48.45995670995672
484 48.45995670995672
485 47.948026973026984
486 47.948026973026984
487 47.948026973026984
488 47.948026973026984
489 47.948026973026984
490 47.948026973026984
491 47.948026973026984
492 55.33850316350317
493 55.33850316350317
494 55.33850316350317
495 55.33850316350317
496 55.33850316350317
497 55.33850316350317
498 55.33850316350317
499 55.33850316350317
500 55.33850316350317
501 55.33850316350317
502 59.93462175079825
503 59.93462175079825
504 63.96872763029887
505 60.334540032775
506 60.334540032775
507 60.334540032775
508 60.334540032775
509 55.706385281385295
510 55.706385281385295
511 55.706385281385295
512 53.96628094128095
513 53.96628094128095
514 53.96628094128095
515 53.96628094128095
516 53.96628094128095
517 53.96628094128095
518 63.473423798423795
519 63.473423798423795
520 63.473423798423795
521 66.85150384531191
522 57.40150384531191
523 57.40150384531191
524 57.40150384531191
525 57.40150384531191
526 57.40150384531191
527 57.40150384531191
528 53.468650793650795
529 53.468650793650795
530 53.468650793650795
531 53.468650793650795
532 53.468650793650795
533 53.468650793650795
534 53.468650793650795
535 53.468650793650795
536 53.468650793650795
537 53.468650793650795
538 54.12582972582975
539 54.12582972582975
540 54.12582972582975
541 54.12582972582975
542 54.12582972582975
543 60.858766233766225
544 60.858766233766225
545 60.858766233766225
546 60.858766233766225
547 60.858766233766225
548 60.858766233766225
549 60.858766233766225
550 60.858766233766225
551 60.858766233766225
552 60.858766233766225
553 60.858766233766225
554 60.858766233766225
555 71.3754329004329
556 71.3754329004329
557 71.3754329004329
558 70.40515873015872
559 70.40515873015872
560 70.40515873015872
561 70.40515873015872
562 70.40515873015872
563 70.40515873015872
564 70.40515873015872
565 80.88134920634921
566 80.88134920634921
567 134.5
568 134.5
569 134.5
570 134.5
571 134.5
572 134.0
573 134.0
574 134.0
575 134.0
576 134.0
577 134.0
578 134.0
579 138.5
580 138.5
581 138.5
582 138.5
583 138.5
584 138.5
585 138.5
586 138.5
587 138.5
588 138.5
589 138.5
590 138.5
591 138.5
592 138.5
593 138.5
594 138.5
595 138.5
596 138.5
597 138.5
598 138.5
599 138.5
600 138.5
601 138.5
602 138.5
603 138.5
604 138.5
605 138.5
606 74.5
607 74.5
608 74.5
609 74.5
610 74.5
611 134.0
612 134.0
613 143.0
614 143.0
615 143.0
616 143.0
617 143.0
618 143.0
619 84.0
620 84.0
621 84.0
622 59.45945998445999
623 59.45945998445999
624 59.45945998445999
625 59.45945998445999
626 59.45945998445999
627 99.0
628 99.0
629 54.5
630 54.5
631 54.5
632 54.5
633 54.5
634 54.5
635 54.5
636 54.5
637 54.5
638 54.5
639 54.5
640 54.5
641 54.5
642 54.5
643 54.5
644 46.5
645 46.5
646 46.5
647 46.5
648 46.5
649 54.5
650 54.5
651 54.5
652 54.5
653 54.5
654 54.5
655 54.5
656 54.5
657 54.5
658 54.5
659 54.5
660 54.5
661 54.5
662 54.5
663 54.5
664 54.5
665 54.5
666 54.5
667 54.5
668 54.5
669 54.5
670 54.5
671 54.59392148379735
672 54.5
673 54.5
674 54.5
675 54.5
676 54.5
677 54.5
678 54.5
679 54.5
680 54.5
681 65.0
682 65.0
683 177.5
684 177.5
685 177.5
686 178.0
687 178.0
688 178.0
689 178.0
690 181.5
691 181.5
692 181.5
693 181.5
694 181.5
695 181.5
696 181.5
697 181.5
698 181.5
699 123.5
700 123.5
701 178.0
702 178.0
703 178.0
704 178.0
705 74.0
706 74.0
707 135.5
708 135.5
709 135.5
710 135.5
711 135.5
712 135.5
713 118.04283216783217
714 118.04283216783217
715 118.04283216783217
716 118.04283216783217
717 118.04283216783217
718 118.04283216783217
719 118.04283216783217
720 118.04283216783217
721 118.04283216783217
722 135.5
723 135.5
724 135.5
725 135.5
726 135.5
727 135.5
728 135.5
729 135.5
730 135.5
731 135.5
732 135.5
733 135.5
734 135.5
735 135.5
736 135.5
737 135.5
738 90.58708513708515
739 90.58708513708515
740 90.58708513708515
741 90.58708513708515
742 135.5
743 135.5
744 136.0
745 136.0
746 136.0
747 136.0
748 107.03906648906656
749 107.03906648906656
750 107.03906648906656
751 135.5
752 135.5
753 135.0
754 135.0
755 135.0
756 135.0
757 135.0
758 135.0
759 135.0
760 135.0
761 135.0
762 135.0
763 80.0
764 80.0
765 80.0
766 80.0
767 72.0
768 72.0
769 72.0
770 72.0
771 72.0
772 80.0
773 80.0
774 80.0
775 80.0
776 135.0
777 135.0
778 135.0
779 155.5
780 155.5
781 155.5
782 119.25
783 119.25
784 119.25
785 119.25
786 119.25
787 119.25
788 119.25
789 155.5
790 155.5
791 155.5
792 159.5
793 159.5
794 159.5
795 159.5
796 159.5
797 160.0
798 160.0
799 160.0
800 160.0
801 160.0
802 160.0
803 164.0
804 164.0
805 164.0
806 164.0
807 164.0
808 164.0
809 104.0
810 104.0
811 104.0
812 104.0
813 104.0
814 93.8888888888889
815 93.8888888888889
816 93.8888888888889
817 93.8888888888889
818 93.8888888888889
819 93.8888888888889
820 93.8888888888889
821 93.8888888888889
822 93.8888888888889
823 93.8888888888889
824 100.5
825 100.5
826 100.5
827 100.5
828 100.5
829 100.5
830 100.5
831 156.5
832 156.5
833 90.86071428571428
834 90.86071428571428
835 90.86071428571428
836 90.86071428571428
837 90.86071428571428
838 90.86071428571428
839 59.86071428571429
840 59.86071428571429
841 59.86071428571429
842 59.86071428571429
843 56.19404761904762
844 56.19404761904762
845 56.19404761904762
846 56.19404761904762
847 56.19404761904762
848 56.19404761904762
849 56.19404761904762
850 56.19404761904762
851 56.19404761904762
852 56.19404761904762
853 56.19404761904762
854 56.19404761904762
855 56.19404761904762
856 56.19404761904762
857 56.19404761904762
858 56.19404761904762
859 56.19404761904762
860 64.83333333333334
861 64.83333333333334
862 58.25
863 58.25
864 58.25
865 58.25
866 58.25
867 58.25
868 58.25
869 58.25
870 58.25
871 58.25
872 58.25
873 58.25
874 58.25
875 51.25
876 51.25
877 50.007181195997006
878 50.007181195997006
879 50.007181195997006
880 50.007181195997006
881 50.007181195997006
882 50.007181195997006
883 50.007181195997006
884 50.007181195997006
885 50.007181195997006
886 48.09670329670331
887 48.09670329670331
888 48.09670329670331
889 48.09670329670331
890 48.09670329670331
891 48.09670329670331
892 48.09670329670331
893 48.09670329670331
894 48.09670329670331
895 48.09670329670331
896 48.09670329670331
897 48.09670329670331
898 48.09670329670331
899 48.09670329670331
900 48.09670329670331
901 48.09670329670331
902 49.46751165501167
903 48.96323145808443
904 48.96323145808443
905 48.96323145808443
906 48.96323145808443
907 48.96323145808443
908 48.96323145808443
909 48.96323145808443
910 48.96323145808443
911 48.96323145808443
912 48.96323145808443
913 48.96323145808443
914 48.96323145808443
915 48.96323145808443
916 49.246564791417754
917 49.246564791417754
918 49.246564791417754
919 49.246564791417754
920 49.246564791417754
921 49.246564791417754
922 49.246564791417754
923 49.246564791417754
924 49.246564791417754
925 49.246564791417754
926 49.246564791417754
927 49.246564791417754
928 49.246564791417754
929 49.246564791417754
930 49.246564791417754
931 49.246564791417754
932 49.246564791417754
933 49.246564791417754
934 49.246564791417754
935 47.811972586237296
936 47.811972586237296
937 47.811972586237296
938 47.811972586237296
939 47.811972586237296
940 47.811972586237296
941 49.56197258623731
942 49.56197258623731
943 49.56197258623731
944 49.39609957036429
945 49.39609957036429
946 49.39609957036429
947 48.93419480845953
948 48.93419480845953
949 48.93419480845953
950 46.353571428571435
951 46.353571428571435
952 46.353571428571435
953 46.353571428571435
954 46.353571428571435
955 46.353571428571435
956 46.353571428571435
957 46.353571428571435
958 46.353571428571435
959 46.353571428571435
960 46.353571428571435
961 46.353571428571435
962 46.353571428571435
963 46.353571428571435
964 46.353571428571435
965 46.365873015873014
966 46.365873015873014
967 46.365873015873014
968 46.365873015873014
969 46.365873015873014
970 46.365873015873014
971 46.365873015873014
972 46.365873015873014
973 46.365873015873014
974 51.61071428571429
975 51.61071428571429
976 51.61071428571429
977 51.61071428571429
978 51.61071428571429
979 61.291666666666664
980 61.291666666666664
981 61.291666666666664
982 63.23333333333335
983 63.23333333333335
984 63.23333333333335
985 53.083333333333336
986 53.083333333333336
987 53.083333333333336
988 53.083333333333336
989 53.083333333333336
990 53.083333333333336
991 53.083333333333336
992 53.083333333333336
993 53.083333333333336
994 53.083333333333336
995 53.083333333333336
996 53.083333333333336
997 53.083333333333336
998 53.083333333333336
999 51.69445554445554
