0 212.0
1 155.5
2 124.0
3 124.5
4 110.5
5 110.0
6 105.0
7 97.5
8 97.0
9 116.66666666666669
10 116.66666666666669
11 116.66666666666669
12 122.55753968253974
13 115.66666666666669
14 119.57261904761911
15 115.80000000000001
16 118.59325396825402
17 116.62258297258302
18 116.62258297258302
19 106.47020202020208
20 100.14285714285715
21 100.14285714285715
22 97.25119047619046
23 97.25119047619046
24 94.00039682539682
25 97.80584415584418
26 91.95425685425694
27 91.95425685425694
28 91.89076479076486
29 96.64309024309024
30 89.38838383838389
31 89.21344211344218
32 91.87146464646463
33 95.48050005550006
34 93.02556299909244
35 98.38836161688332
36 102.39841370359945
37 108.79361409144695
38 107.38229542645179
39 108.15871587992332
40 107.68293516768746
41 105.47113286610188
42 108.0516933334759
43 102.81467347339103
44 102.41453974489039
45 101.98975324207659
46 99.72501223122904
47 99.59485431351226
48 99.39062476253349
49 99.3969975847577
50 102.12156871553094
51 101.50982222198171
52 104.02767744467442
53 111.79107703916473
54 108.90681869687533
55 104.99760411770079
56 104.31768317207248
57 103.83493701099812
58 103.37667109400827
59 102.96705012487251
60 102.67181644982507
61 98.81504375539075
62 98.3283789371991
63 98.17767766785573
64 94.69763154442951
65 92.77639848288791
66 95.78871636225618
67 94.12520060406267
68 95.8590208017931
69 93.7645920929322
70 93.53911461606508
71 93.38984379616915
72 94.30631129775699
73 93.19089564435214
74 92.95530619174569
75 92.82896404768114
76 95.01433866376183
77 93.21877264083645
78 92.26451889493973
79 92.19548191153162
80 91.01593568779438
81 90.8422263594778
82 90.8422263594778
83 91.52189193995163
84 90.58579245986063
85 92.3511512866365
86 90.58579245986063
87 90.58579245986063
88 90.59744704363348
89 90.56430895364053
90 89.52279078019014
91 89.5038322935178
92 89.39398088107515
93 89.32158417700667
94 91.0477475947265
95 90.32168696355964
96 91.95886843093082
97 90.21433601994815
98 91.68201692491475
99 90.094519512059
100 91.41466782256232
101 89.82271079369548
102 89.82265949728708
103 91.63769387378073
104 90.35462145740244
105 92.05047971994861
106 90.73052142671453
107 88.85926395795636
108 88.85926395795636
109 88.8327900913428
110 88.82306167398687
111 88.74170081616106
112 88.68925534908428
113 88.65770978323744
114 87.05830925475645
115 87.02513082683342
116 87.0174679842288
117 86.98685417749437
118 86.95813639576782
119 86.95813639576782
120 86.94903356944931
121 86.94103820791406
122 86.90960048185202
123 86.90960048185202
124 87.87353080367983
125 86.89266404319947
126 86.89266404319947
127 86.88542669297192
128 86.88160874210202
129 86.28307030117041
130 86.25216557779241
131 86.25216557779241
132 86.25216557779241
133 86.24349880672038
134 86.24126682667203
135 86.23880727130836
136 86.21614729931363
137 86.20091332449498
138 86.20044100596898
139 87.02284668152394
140 86.21480888336168
141 87.21870211125498
142 86.21480888336168
143 86.20362972742265
144 86.20381415408055
145 86.19808001397581
146 86.19808001397581
147 86.19808001397581
148 86.18342031204173
149 86.90489325575597
150 86.32720472583598
151 86.32720472583598
152 86.29318381352546
153 86.27092969151325
154 87.20480723217315
155 86.27092969151325
156 86.2491747048568
157 86.24766910729608
158 86.21365944095737
159 86.18442197140867
160 86.18442197140867
161 87.09969751576612
162 86.18266203889802
163 86.16908047587778
164 86.16850293102829
165 86.15620045875052
166 86.26593237092301
167 85.62677686344601
168 85.62113537045937
169 85.6198723826584
170 86.61958307563087
171 88.23666406799141
172 87.38894492970365
173 87.38081449970946
174 87.3682098262759
175 87.44986853588175
176 86.93085204343843
177 87.83406595360296
178 87.6291926981025
179 87.61995976749635
180 87.6169241164362
181 87.61352703197196
182 87.60658968699965
183 87.59447754248222
184 87.59441722798277
185 87.59018404708621
186 87.59207369007456
187 87.57646276971116
188 87.54840538942018
189 87.536409895316
190 87.50244576345314
191 88.62588064247112
192 87.49398822568509
193 87.47643574942927
194 87.47512191941615
195 87.4844224492773
196 87.45795315642233
197 87.4423928102047
198 87.47291089059266
199 88.79950132369946
200 88.04070575680387
201 88.04070575680387
202 88.04070575680387
203 88.04070575680387
204 87.18567912225063
205 87.18567912225063
206 87.18567912225063
207 86.3102727237681
208 86.3102727237681
209 86.3102727237681
210 86.3102727237681
211 86.3102727237681
212 86.3102727237681
213 86.3102727237681
214 86.3102727237681
215 86.3102727237681
216 87.10630391489612
217 86.33257664900768
218 86.33257664900768
219 86.33257664900768
220 85.65162008565784
221 85.65162008565784
222 84.97758297763158
223 84.97758297763158
224 84.97758297763158
225 84.97758297763158
226 85.0
227 85.0
228 85.0
229 85.0
230 85.0
231 85.0
232 85.0
233 85.0
234 85.0
235 85.0
236 85.0
237 85.0
238 85.0
239 85.0
240 85.0
241 85.0
242 85.0
243 85.0
244 85.0
245 85.40291631174871
246 85.0
247 85.0
248 85.0
249 85.0
250 85.0
251 85.0
252 85.0
253 85.0
254 85.0
255 85.0
256 85.0
257 85.0
258 85.0
259 85.0
260 85.0
261 85.0
262 85.0
263 85.0
264 85.0
265 85.0
266 85.0
267 85.0
268 85.0
269 85.0
