0 212.0
1 211.5
2 212.5
3 198.0
4 190.0
5 179.5
6 164.0
7 153.5
8 153.5
9 162.08333333333334
10 152.5
11 149.0
12 146.0
13 137.0
14 133.0
15 130.5
16 139.7833333333333
17 121.5
18 118.0
19 111.0
20 111.0
21 107.0
22 99.0
23 99.0
24 99.0
25 93.0
26 92.5
27 91.5
28 91.25000000000003
29 90.0
30 90.0
31 89.5
32 90.0
33 90.0
34 89.35000000000001
35 89.5
36 89.5
37 89.5
38 89.5
39 89.5
40 89.5
41 89.5
42 89.5
43 89.5
44 87.5
45 87.5
46 81.41666666666669
47 87.5
48 87.0
49 87.5
50 87.0
51 88.37705627705627
52 87.0
53 87.0
54 87.0
55 86.5
56 86.5
57 86.5
58 86.5
59 86.5
60 82.26666666666668
61 86.5
62 86.5
63 86.5
64 86.5
65 86.5
66 86.5
67 86.5
68 86.5
69 86.5
70 86.5
71 86.5
72 86.5
73 85.30793650793652
74 86.5
75 86.5
76 86.5
77 88.11865079365081
78 86.5
79 85.0
80 85.58333333333334
81 85.0
82 82.84444444444445
83 85.0
84 85.0
85 85.0
86 85.0
87 83.5
88 83.5
89 81.34960317460316
90 83.5
91 83.5
92 83.5
93 83.5
94 83.5
95 82.5
96 82.5
97 82.5
98 82.5
99 81.90277777777777
100 82.5
101 82.5
102 82.5
103 82.5
104 82.5
105 82.5
106 82.5
107 82.5
108 82.5
109 82.5
110 82.5
111 82.5
112 82.5
113 82.5
114 82.5
115 82.5
116 82.5
117 82.5
118 82.5
119 82.5
120 83.40436507936509
121 82.5
122 82.5
123 82.5
124 82.5
125 82.5
126 82.5
127 82.5
128 82.5
129 82.5
130 82.5
131 82.5
132 82.5
133 81.51468253968254
134 82.5
135 82.5
136 82.5
137 82.5
138 82.5
139 83.99181096681096
140 82.0
141 82.0
142 82.0
143 82.0
144 82.0
145 82.0
146 80.43939393939394
147 81.5
148 81.5
149 81.5
150 81.5
151 81.5
152 81.5
153 81.5
154 81.5
155 77.41111111111114
156 81.5
157 81.5
158 81.5
159 81.5
160 81.5
161 81.5
162 81.5
163 81.5
164 81.5
165 81.5
166 81.5
167 81.5
168 81.5
169 81.5
170 81.5
171 81.5
172 79.50952380952384
173 81.5
174 81.5
175 81.5
176 81.5
177 81.5
178 81.5
179 81.5
180 81.5
181 81.5
182 81.5
183 81.5
184 81.5
185 81.5
186 81.5
187 81.5
188 81.5
189 81.5
190 81.5
191 81.5
192 81.5
193 81.5
194 81.5
195 81.5
196 81.5
197 81.5
198 81.5
199 81.5
200 81.5
201 81.5
202 77.50786435786436
203 79.5
204 79.5
205 79.5
206 79.5
207 79.5
208 79.5
209 79.5
210 79.5
211 79.5
212 79.5
213 79.5
214 79.5
215 79.5
216 79.5
217 79.5
218 79.5
219 79.5
220 79.5
221 79.5
222 79.5
223 79.5
224 79.5
225 79.5
226 79.5
227 79.5
228 79.5
229 79.5
230 79.5
231 79.5
232 79.5
233 79.5
234 79.5
235 79.5
236 79.5
237 79.5
238 79.5
239 79.5
240 79.5
241 79.5
242 79.5
243 79.5
244 79.5
245 79.5
246 78.65833333333332
247 80.86444372620845
248 79.79166666666666
249 79.79166666666666
250 79.79166666666666
251 79.79166666666666
252 80.5
253 80.5
254 80.5
255 79.320202020202
256 80.5
257 80.5
258 80.5
259 80.5
260 80.5
261 80.5
262 80.5
263 80.5
264 80.5
265 80.5
266 80.5
267 80.5
268 80.5
269 80.5
270 80.5
271 80.5
272 80.5
273 80.5
274 80.5
275 80.5
276 80.5
277 80.5
278 80.5
279 80.5
280 80.5
281 80.5
282 80.5
283 80.5
284 80.5
285 80.5
286 80.5
287 80.5
288 80.5
289 80.5
290 80.5
291 80.5
292 80.5
293 80.5
294 80.5
295 80.5
296 80.5
297 77.26666666666665
298 77.26666666666665
299 77.26666666666665
300 77.26666666666665
301 75.93333333333334
302 75.93333333333334
303 75.93333333333334
304 75.93333333333334
305 77.26666666666665
306 77.26666666666665
307 77.26666666666665
308 77.26666666666665
309 77.26666666666665
310 77.26666666666665
311 77.26666666666665
312 77.26666666666665
313 77.26666666666665
314 81.5
315 81.5
316 81.5
317 81.5
318 87.21150793650796
319 84.0
320 84.0
321 84.0
322 84.0
323 84.0
324 84.0
325 84.0
326 84.0
327 84.0
328 84.0
329 84.0
330 84.0
331 84.0
332 84.0
333 84.0
334 84.0
335 79.92738095238097
336 83.24616494616498
337 86.81878399378401
338 86.81878399378401
339 86.81878399378401
340 86.81878399378401
341 86.81878399378401
342 86.81878399378401
343 83.5
344 83.5
345 83.5
346 83.5
347 83.5
348 83.5
349 83.5
350 83.5
351 83.5
352 83.5
353 83.5
354 83.5
355 83.5
356 83.5
357 83.5
358 83.5
359 83.5
360 83.5
361 83.5
362 83.5
363 83.5
364 83.5
365 83.5
366 83.5
367 83.5
368 85.3
369 83.5
370 83.5
371 83.5
372 85.79920634920636
373 86.46587301587303
374 86.46587301587303
375 86.46587301587303
376 86.46587301587303
377 84.16666666666667
378 84.16666666666667
379 84.16666666666667
380 84.16666666666667
381 84.16666666666667
382 84.16666666666667
383 84.16666666666667
384 84.16666666666667
385 85.0
386 85.0
387 85.0
388 85.0
389 85.0
390 85.0
391 85.0
392 85.0
393 85.0
394 85.0
395 85.0
396 85.0
397 85.0
398 85.0
399 85.0
400 85.0
401 85.27619047619048
402 85.0
403 85.0
404 85.0
405 85.0
406 85.0
407 85.0
408 85.0
409 85.0
410 85.0
411 78.91666666666667
412 78.91666666666667
413 78.91666666666667
414 78.91666666666667
415 83.5
416 83.5
417 83.14047619047619
418 84.0
419 84.0
420 84.0
421 84.0
422 84.0
423 84.0
424 84.0
425 84.0
426 84.0
427 84.0
428 84.0
429 85.08456723015546
430 84.0
431 84.0
432 84.0
433 84.0
434 84.0
435 84.0
436 82.5
437 82.5
438 82.5
439 82.5
440 84.89725829725832
441 82.5
442 82.5
443 82.5
444 82.5
445 82.5
446 82.5
447 82.5
448 82.5
449 82.5
450 82.5
451 82.5
452 82.5
453 86.69047619047619
454 82.5
455 82.5
456 84.03007588816413
457 82.5
458 82.5
459 82.5
460 82.5
461 82.5
462 82.5
463 82.5
464 82.5
465 82.5
466 82.5
467 82.5
468 82.5
469 82.5
470 82.5
471 82.5
472 82.5
473 82.5
474 83.0
475 83.0
476 83.0
477 83.0
478 83.0
479 83.0
480 83.0
481 83.0
482 83.0
483 83.0
484 83.0
485 83.0
486 83.0
487 83.0
488 83.0
489 83.0
490 83.0
491 83.0
492 83.0
493 83.0
494 83.0
495 83.0
496 83.0
497 83.0
498 83.0
499 83.0
500 83.0
501 83.0
502 83.0
503 83.0
504 83.0
505 83.0
506 83.0
507 83.0
508 83.0
509 83.0
510 83.0
511 79.60952380952382
512 84.0
513 84.0
514 84.0
515 84.0
516 84.0
517 84.0
518 84.0
519 84.0
520 84.0
521 84.0
522 84.0
523 84.0
524 84.0
525 84.0
526 84.0
527 84.0
528 84.0
529 84.0
530 84.0
531 84.0
532 84.0
533 84.0
534 84.0
535 84.0
536 84.0
537 84.0
538 84.0
539 84.0
540 84.0
541 84.0
542 84.0
543 84.0
544 84.0
545 84.0
546 84.0
547 84.0
548 84.0
549 84.0
550 84.0
551 84.0
552 84.0
553 84.0
554 84.0
555 84.0
556 84.0
557 84.0
558 84.0
559 84.0
560 84.0
561 84.0
