0 208.0
1 156.5
2 146.0
3 124.5
4 111.0
5 83.5
6 103.0
7 99.5
8 71.0
9 54.0
10 54.0
11 54.5
12 54.5
13 54.5
14 51.5
15 51.5
16 49.5
17 59.5425324675325
18 49.5
19 49.5
20 49.5
21 49.5
22 47.62289654789656
23 49.5
24 49.5
25 49.5
26 49.5
27 49.5
28 49.5
29 49.5
30 49.5
31 49.5
32 49.5
33 49.5
34 49.5
35 49.5
36 49.5
37 49.5
38 49.5
39 49.5
40 49.5
41 49.5
42 49.5
43 49.5
44 49.5
45 49.5
46 49.5
47 49.5
48 49.5
49 49.5
50 49.5
51 49.5
52 49.5
53 49.5
54 49.5
55 49.5
56 49.5
57 49.5
58 49.5
59 49.5
60 49.5
61 49.5
62 49.5
63 49.5
64 49.5
65 49.5
66 49.5
67 49.5
68 49.5
69 49.5
70 49.5
71 49.5
72 50.87665945165946
