0 240.0
1 226.0
2 182.0
3 164.5
4 162.5
5 145.0
6 144.0
7 139.5
8 139.0
9 139.0
10 139.0
11 142.36666666666667
12 159.01309523809525
13 150.52182539682542
14 150.459126984127
15 146.27579365079367
16 136.33015873015876
17 133.1
18 133.14999999999995
19 133.64999999999995
20 128.04603174603173
21 124.4514790764792
22 131.58023088023089
23 134.94902597402597
24 134.56260961260952
25 135.21782106782115
26 134.75353535353543
27 135.44626762126765
28 136.44844877344877
29 136.49732489732475
30 137.68558663558656
31 136.30470917970914
32 135.5890082140083
33 135.49606227106236
34 135.5890082140083
35 136.2312132312133
36 135.9294608169608
37 135.9294608169608
38 135.9632326007326
39 136.00260197319022
40 135.83056012614836
41 136.3050519741697
42 135.83056012614836
43 135.05735457353103
44 135.02097100096327
45 137.3929664848396
46 140.3414983451362
47 145.20179304568697
48 142.9023654935723
49 142.57101312561002
50 144.51189651657182
51 145.81177509722008
52 150.81152433954244
53 150.52194586246398
54 149.83635198889758
55 151.32384976133739
56 148.7303930194707
57 148.39028261817606
58 147.82274545413165
59 146.92536328784425
60 144.90913519538123
61 139.63906253330248
62 138.03012958416534
63 141.77348817128157
64 139.1854352128978
65 138.8553890175162
66 138.4096840152127
67 134.5718244165805
68 134.37266841576172
69 134.24775259629894
70 134.24775259629894
71 134.00735873813147
72 134.61275628593052
73 134.65961526261742
74 135.13275025030725
75 132.06857398121957
76 131.76760772949712
77 131.4432942986142
78 130.74145611626182
79 133.82433070602758
80 134.3512776674139
81 133.5334180951897
82 133.42385509004455
83 133.66186186152203
84 135.5411680949281
85 135.24680374827156
86 134.685864217573
87 134.78489534168534
88 133.5287069794349
89 133.09095013619464
90 136.26855313683555
91 136.14172204454928
92 134.26861151374604
93 134.06651897922393
94 134.36214715866632
95 138.9729957214266
96 142.64003058144417
97 140.3418541527886
98 141.41849610304862
99 138.56916384912012
100 139.29124689392933
101 139.53806069334917
102 142.49295659097945
103 142.41923922889814
104 139.93325989977544
105 139.7705142219221
106 138.2992792737854
107 140.61895836759808
108 140.9115547387095
109 138.77677495082855
110 137.26612402099266
111 137.68105620739084
112 136.36502424898882
113 136.287385968134
114 138.25473175386674
115 137.4153100175797
116 135.38379704369294
117 135.1153701762438
118 133.62085777625433
119 133.53527845400373
120 134.11784065966015
121 136.3005584495068
122 135.46405402483563
123 135.94272565459158
124 135.33145259216192
125 133.72950915178515
126 135.65918274567292
127 135.22258581147364
128 134.00121621620502
129 134.27739708702808
130 133.39294553060813
131 134.7281807101053
132 133.68180710968437
133 132.92707136102626
134 133.31929591377005
135 133.8866689840948
136 135.5702250896925
137 134.61726188766906
138 134.98801190691475
139 134.1777651279157
140 133.91924091500286
141 132.73003284822667
142 132.67665442249276
143 132.7474968294313
144 131.67027740879146
145 131.5520152560356
146 131.45865380708435
147 131.41346445690837
148 131.58860978358788
149 131.43347981538997
150 131.60909469893323
151 133.14102706639525
152 133.67151233486663
153 133.96713542345853
154 134.5145605003512
155 135.39719809822563
156 135.4587670376307
157 134.65791999134973
158 134.10539472347386
159 134.15199923287213
160 134.12162462747332
161 134.90299019504434
162 135.26351480835032
163 135.23905843106903
164 135.37000282539663
165 135.03738956535548
166 135.01013670703588
167 134.99216589078665
168 134.88070951964457
169 135.1755845272491
170 134.68088564512553
171 134.63371202023603
172 134.71782047424867
173 133.76993216124265
174 133.6798640130869
175 133.83657543018245
176 133.9113895324302
177 133.44068693524324
178 133.41944157665887
179 133.40000819967116
180 133.3968577931995
181 133.2079808104849
182 133.15817527926234
183 133.21215224849735
184 133.89483497529014
185 133.7457623049376
186 134.50320020272164
187 134.55699124307708
188 134.74372038280748
189 134.6983910776736
190 134.6481182224167
191 134.58434720650348
192 134.56037854829512
193 134.51514455246524
194 134.41536727876428
195 135.58918778134804
196 136.34389508066164
197 135.62882400338952
198 135.82902227226808
199 135.24945434813043
200 135.25838445621903
201 135.25838445621903
202 135.25838445621903
203 135.25838445621903
204 135.2539297311792
205 135.17255547304472
206 135.17255547304472
207 135.17255547304472
208 134.50751336712705
209 134.50751336712705
210 134.50751336712705
211 135.3010982443205
212 135.23088812792318
213 135.23088812792318
214 134.66386545630277
215 134.66386545630277
216 134.66386545630277
217 134.66386545630277
218 135.3193793341913
219 135.3193793341913
220 135.3193793341913
221 135.3193793341913
222 135.3193793341913
223 135.3193793341913
224 135.37803737830907
225 135.37803737830907
226 135.37803737830907
227 135.37803737830907
228 135.66791509583655
229 135.66791509583655
230 135.67190313960415
231 135.67190313960415
232 135.67190313960415
233 136.1633395614452
234 136.1633395614452
235 136.1633395614452
236 136.1633395614452
237 135.46564578354378
238 135.501558051967
239 135.501558051967
240 135.501558051967
241 135.501558051967
242 135.501558051967
243 135.501558051967
244 136.12893781742946
245 136.12893781742946
246 136.85332417161348
247 136.85332417161348
248 137.59018169953174
249 137.59018169953174
250 137.59018169953174
251 137.59018169953174
252 137.7319693504978
253 137.7319693504978
254 136.75533042616962
255 137.67377866861185
256 137.67377866861185
257 138.31979671113538
258 138.31979671113538
259 139.0
260 139.0
261 138.11801511956082
262 139.0
263 139.0
264 139.0
265 139.0
266 139.0
267 139.0
268 137.86735765723918
269 139.0
270 139.0
271 139.0
272 139.0
273 139.0
274 139.0
275 139.0
276 138.53888598591334
277 139.0
278 139.0
279 139.0
280 139.0
281 139.0
282 139.0
283 139.2894483304137
284 139.0
285 139.0
286 139.0
287 139.0
288 139.0
289 139.0
290 139.0
291 139.0
292 139.0
293 139.0
294 139.5173903131011
295 139.0
296 139.0
297 139.0
298 139.0
299 139.0
300 139.0
301 139.0
302 139.0
303 139.0
304 139.0
305 139.0
306 139.0
307 139.0
308 139.0
309 139.0
310 139.0
311 139.0
