16100874000
16150874000
16200873999
16250874000
16300874000
16350874000
16400874000
16450873999
16500872999
16550874000
16600874000
16650874000
16700873999
16750874000
16800874000
16850873000
16900873000
16950873000
17000874000
17050874000
17100873000
17150874000
17200874000
17250873000
17300873000
17350873000
17400873000
17450873000
17500873000
17550874000
17600873000
17650873000
17700873000
17750873000
17800873000
17850873000
17900873000
17950873000
18000873000
18050873000
18100873000
18150873000
18200873000
18250873000
18300873000
18350873000
18400873000
18450873000
18500873000
18550873000
18600873000
18650873000
18700873000
18750873000
18800873000
18850873000
18900873000
18950873000
19000873000
19050873000
19100873000
19150873000
19200873000
19250873000
19300873000
19350873000
19400873000
19450873000
19500873000
19550873000
19600873000
19650873000
19700873000
19750873000
19800873000
19850873000
19900873000
19950873000
20000873000
20050873000
20100873000
20150873000
20200873000
20250873000
20300873000
20350873000
20400873000
20450873000
20500872000
20550873000
20600872000
20650873000
20700873000
20750873000
20800873000
20850872000
20900872000
20950872000
21000873000
21050873000
21100872000
21150872000
21200873000
21250873000
21300872000
21350872000
21400872000
21450872000
21500872000
21550873000
21600873000
21650872000
21700872000
21750872000
21800872000
21850872000
21900872000
21950872000
22000872000
22050872000
22100872000
22150872000
22200872000
22250872000
22300872000
22350872000
22400872000
22450872000
22500872000
22550872000
22600872000
22650872000
22700872000
22750872000
22800872000
22850872000
22900872000
22950872000
23000872000
23050872000
23100873000
23150872000
23200872000
23250872000
23300872000
23350872000
23400872000
23450872000
23500872000
23550872000
23600872000
23650872000
23700872000
23750872000
23800872000
23850872000
23900872000
23950872000
24000872000
24050872000
24100872000
24150872000
24200872000
24250872000
24300872000
24350872000
24400872000
24450872000
24500871000
24550872000
24600871000
24650872000
24700872000
24750872000
24800872000
24850871000
24900871000
24950871000
25000872000
25050872000
25100871000
25150872000
25200872000
25250871000
25300871000
25350871000
25400871000
25450871000
25500871000
25550872000
25600871000
25650871000
25700871000
25750871000
25800871000
25850871000
25900871000
25950871000
26000871000
26050871000
26100871000
26150871000
26200872000
26250872000
26300871000
26350871000
26400871000
26450871000
26500871000
26550871000
26600871000
26650871000
26700871000
26750871000
26800871000
26850871000
26900871000
26950871000
27000871000
27050871000
27100871000
27150871000
27200871000
27250871000
27300871000
27350871000
27400871000
27450871000
27500871000
27550871000
27600871000
27650871000
27700871000
27750871000
27800871000
27850871000
27900871000
27950871000
28000871000
28050871000
28100871000
28150871000
28200871000
28250871000
28300871000
28350871000
28400871000
28450871000
28500870000
28550871000
28600871000
28650871000
28700871000
28750871000
28800871000
28850870000
28900870000
28950871000
29000871000
29050871000
29100870000
29150870000
29200871000
29250871000
29300870000
29350870000
29400870000
29450870000
29500870000
29550871000
29600870000
29650870000
29700870000
29750870000
29800870000
29850870000
29900870000
29950870000
30000870000
30050870000
30100870000
30150870000
30200870000
30250870000
30300870000
30350870000
30400870000
30450870000
30500870000
30550870000
30600870000
30650870000
30700870000
30750870000
30800870000
30850870000
30900870000
30950870000
31000870000
31050870000
31100870000
31150870000
31200870000
31250870000
31300870000
31350870000
31400870000
31450870000
31500870000
31550870000
31600870000
31650870000
31700870000
31750870000
31800870000
31850870000
31900870000
31950870000
32000870000
32050870000
32100870000
32150869999
32200870000
32250870000
32300870000
32350870000
32400869999
32450870000
32500869000
32550870000
32600869000
32650869999
32700870000
32750870000
32800869000
32850869000
32900869000
32950868999
33000870000
33050870000
33100869000
33150869000
33200870000
33250870000
33300869000
33350869000
33400869000
33450868999
33500869000
33550870000
33600869000
33650869000
33700868999
33750869000
33800869001
33850870001
33900869001
33950869001
34000869000
34050869001
34100869001
34150869001
34200869001
34250869000
34300869001
34350869001
34400869001
34450869001
34500869000
34550869001
34600869001
34650869001
34700869001
34750869000
34800869001
34850869001
34900869001
34950869001
35000869001
35050869001
35100869001
35150868001
35200869001
35250869001
35300869001
35350869001
35400869001
35450869001
35500869001
35550868001
35600869001
35650869001
35700868001
35750869001
35800869001
35850868001
35900869001
35950868001
36000869001
36050868001
36100868001
36150869001
36200868001
36250869001
36300868001
36350868001
36400868001
36450868001
36500868001
36550868001
36600868001
36650868001
36700868001
36750868001
36800868001
36850868001
36900868001
36950868001
37000868001
37050868001
37100868001
37150868001
37200868001
37250868001
37300868001
37350868001
37400868001
37450868001
37500868001
37550868001
37600868001
37650868001
37700868001
37750869001
37800868001
37850868001
37900868001
37950868001
38000868001
38050868001
38100868001
38150868001
38200868001
38250868001
38300868001
38350868001
38400868001
38450868001
38500868001
38550868001
38600868001
38650868001
38700868001
38750868001
38800868001
38850868001
38900868001
38950868001
39000868001
39050868001
39100868001
39150867001
39200868001
39250868001
39300868001
39350868001
39400868001
39450868001
39500868001
39550867001
39600868001
39650868001
39700867001
39750868001
39800868001
39850867001
39900868001
39950867001
40000868001
40050867001
40100868001
40150867001
40200867001
40250868001
40300867001
40350867001
40400867001
40450867001
40500867001
40550867001
40600867001
40650867001
40700867001
40750868001
40800868001
40850867001
40900867001
40950867001
41000867001
41050867001
41100867001
41150867001
41200867001
41250868001
41300867001
41350867001
41400867001
41450867001
41500867001
41550867001
41600867001
41650867001
41700867001
41750867001
41800867001
41850867001
41900867001
41950867001
42000867001
42050867001
42100867001
42150867001
42200867001
42250867001
42300867001
42350867001
42400867001
42450867001
42500867001
42550867001
42600867001
42650867001
42700867001
42750867001
42800867001
42850867001
42900867001
42950867001
43000867001
43050867001
43100867001
43150866001
43200867001
43250867001
43300867001
43350867001
43400867001
43450866001
43500867001
43550866001
43600867001
43650867001
43700866001
43750867001
43800867001
43850867001
43900867001
43950867001
44000867001
44050866001
44100866001
44150866001
44200866001
44250867001
44300866001
44350866001
44400867001
44450866001
44500866001
44550866001
44600867001
44650866001
44700866001
44750867001
44800866001
44850866001
44900867001
44950866001
45000866001
45050866001
45100866001
45150866001
45200866001
45250867001
45300866001
45350866001
45400866001
45450866001
45500866001
45550866001
45600866001
45650866001
45700866001
45750866001
45800866001
45850866001
45900866001
45950866001
46000866001
46050866001
46100866001
46150866001
46200866001
46250866001
46300866001
46350866001
46400866001
46450866001
46500866001
46550866001
46600866001
46650866001
46700866001
46750866001
46800866001
46850866001
46900866001
46950866001
47000866001
47050866001
47100866001
47150865001
47200866001
47250866001
47300866001
47350866001
47400866001
47450865001
47500866001
47550865001
47600867001
47650866001
47700865001
47750866001
47800866001
47850866001
47900866001
47950865001
48000865001
48050865001
48100866001
48150865001
48200865001
48250866001
48300865001
48350865001
48400866001
48450865001
48500865001
48550865001
48600865001
48650866001
48700865001
48750865001
48800865001
48850865001
48900865001
48950865001
49000865001
49050865001
49100865001
49150866001
49200865001
49250865001
49300865001
49350865001
49400865001
49450865001
49500865001
49550865001
49600865001
49650865001
49700865001
49750865000
49800865001
49850865001
49900865001
49950865001
50000865000
50050865001
50100865001
50150865001
50200865001
50250865000
50300865001
50350865001
50400865001
50450865001
50500865000
50550865001
50600865001
50650865001
50700865001
50750865000
50800865001
50850865001
50900865001
50950865001
51000865000
51050865001
51100865001
51150864001
51200864001
51250864001
51300865001
51350865001
51400864001
51450864001
51500865001
51550864000
51600864001
51650864001
51700864001
51750864001
51800864000
51850865001
51900864001
51950864001
52000864001
52050865001
52100864001
52150864001
52200864001
52250864001
52300864001
52350864001
52400864001
52450864001
52500864001
52550864001
52600864001
52650864001
52700864001
52750864001
52800865001
52850864001
52900864001
52950864001
53000864001
53050864001
53100864001
53150864001
53200864001
53250864001
53300864001
53350864001
53400864001
53450864001
53500864001
53550864001
53600864001
53650864001
53700864001
53750864001
53800864001
53850864001
53900864001
53950864001
54000864001
54050864001
54100864001
54150864001
54200864001
54250864001
54300864001
54350864001
54400864001
54450864001
54500864001
54550864001
54600863001
54650864001
54700864001
54750864001
54800863001
54850864001
54900864001
54950864001
55000864001
55050864001
55100864001
55150864001
55200863001
55250863001
55300863001
55350864001
55400863001
55450864001
55500863001
55550863001
55600863001
55650863001
55700863001
55750863001
55800863001
55850864001
55900863001
55950863001
56000863001
56050864001
56100864001
56150863001
56200863001
56250863001
56300863001
56350863001
56400863001
56450863001
56500863001
56550863001
56600863001
56650863001
56700863001
56750863001
56800863001
56850863001
56900863001
56950863001
57000863001
57050863001
57100863001
57150863001
57200863001
57250863001
57300863001
57350863001
57400863001
57450863001
57500863001
57550863001
57600863001
57650863001
57700863001
57750863001
57800863001
57850863001
57900863001
57950863001
58000863001
58050863001
58100863001
58150863001
58200863001
58250863001
58300863001
58350863001
58400863001
58450863001
58500863001
58550863001
58600862001
58650863001
58700863001
58750863001
58800862001
58850863001
58900863001
58950863001
59000863001
59050863001
59100863001
59150863001
59200862001
59250862001
59300862001
59350863001
59400862001
59450862001
59500863001
59550862001
59600862001
59650863001
59700862001
59750862001
59800862001
59850863001
59900862001
59950862001
60000862001
60050862001
60100862001
60150862001
60200862001
60250862001
60300862001
60350863001
60400862001
60450862001
60500862001
60550862001
60600862001
60650862001
60700863001
60750862001
60800862001
60850862001
60900862001
60950862001
61000862001
61050862001
61100862001
61150862001
61200863001
61250862001
61300862001
61350862001
61400862001
61450862001
61500862001
61550862001
61600862001
61650862001
61700862001
61750862001
61800862001
61850862001
61900862001
61950862001
62000862001
62050862001
62100862001
62150862001
62200862001
62250862001
62300862001
62350862001
62400862001
62450862001
62500862001
62550862001
62600861001
62650862001
62700862001
62750862001
62800861001
62850862001
62900862001
62950862001
63000861001
63050862001
63100862001
63150862001
63200861001
63250861001
63300861001
63350862001
63400861001
63450861001
63500862001
63550862001
63600861001
63650861001
63700861001
63750861001
63800861001
63850862001
63900861001
63950861001
64000861001
64050861001
64100861001
64150861001
64200861001
64250862001
64300861001
64350862001
64400861001
64450861001
64500861001
64550861001
64600861001
64650861001
64700861001
64750861001
64800861001
64850861001
64900861001
64950861001
65000861001
65050861001
65100861001
65150861001
65200861001
65250861001
65300861001
65350861001
65400861001
65450861001
65500861001
65550861001
65600861001
65650861001
65700861001
65750861001
65800861001
65850861001
65900861001
65950861001
66000861001
66050861001
66100861001
66150861001
66200861001
66250861001
66300861001
66350861001
66400861001
66450861001
66500861001
66550861001
66600860001
66650861001
66700861001
66750861001
66800860001
66850861001
66900861001
66950861001
67000861001
67050861001
67100861000
67150861001
67200861000
67250860000
67300861001
67350861000
67400860001
67450860001
67500860000
67550860001
67600860001
67650860001
67700861000
67750860000
67800860001
67850860001
67900860001
67950860001
68000860000
68050861001
68100860001
68150860001
68200860001
68250860000
68300860001
68350860001
68400860001
68450860001
68500860000
68550860001
68600860001
68650860001
68700860001
68750860001
68800861001
68850861001
68900860001
68950860001
69000861001
69050860000
69100860001
69150860001
69200860001
69250860001
69300860000
69350861001
69400860001
69450860001
69500860001
69550861001
69600860001
69650860001
69700860001
69750860001
69800860001
69850860001
69900860001
69950860001
70000860001
70050860001
70100860001
70150860001
70200860001
70250860001
70300861001
70350860001
70400860001
70450860001
70500860001
70550860001
70600860001
70650860001
70700860001
70750860001
70800860001
70850860001
70900860001
70950860001
71000860001
71050860001
71100860001
71150860001
71200860001
71250860001
71300860001
71350860001
71400860001
71450860001
71500860001
71550860001
71600860001
71650860001
71700860001
71750860001
71800860001
71850860001
71900860001
71950860001
72000860001
72050860001
72100859001
72150860001
72200860001
72250860001
72300859001
72350860001
72400860001
72450860001
72500860001
72550860001
72600860001
72650860001
72700859001
72750859001
72800859001
72850860001
72900859001
72950860001
73000859001
73050859001
73100859001
73150859001
73200859001
73250859001
73300859001
73350860001
73400859001
73450859001
73500859001
73550860001
73600860001
73650859001
73700859001
73750859001
73800859001
73850859001
73900859001
73950859001
74000859001
74050859001
74100859001
74150859001
74200859001
74250859001
74300859001
74350859001
74400859001
74450859001
74500859001
74550859001
74600859001
74650859001
74700859001
74750859001
74800859001
74850859001
74900859001
74950859001
75000859001
75050859001
75100859001
75150859001
75200859001
75250859001
75300859001
75350859001
75400859001
75450859001
75500859001
75550859001
75600859001
75650859001
75700859001
75750859001
75800859001
75850859001
75900859001
75950859001
76000859001
76050859001
76100858001
76150859001
76200859001
76250859001
76300858001
76350859001
76400859001
76450859001
76500859001
76550859001
76600859001
76650859001
76700858001
76750858001
76800858001
76850859001
76900858001
76950858001
77000859001
77050858001
77100858001
77150859001
77200858001
77250858001
77300858001
77350859001
77400858001
77450858001
77500858001
77550858001
77600858001
77650858001
77700858001
77750858001
77800858001
77850859001
77900858001
77950858001
78000858001
78050858001
78100858001
78150858001
78200859001
78250858001
78300858001
78350858001
78400858001
78450858001
78500858001
78550858001
78600858001
78650858001
78700859001
78750858001
78800858001
78850858001
78900858001
78950858001
79000858001
79050858001
79100858001
79150858001
79200858001
79250858001
79300858001
79350858001
79400858001
79450858001
79500858001
79550858001
79600858001
79650858001
79700858001
79750858001
79800858001
79850858001
79900858001
79950858001
80000858001
80050858001
80100857001
80150858001
80200858001
80250858001
80300857001
80350858001
80400858001
80450858001
80500857001
80550858001
80600858001
80650858001
80700857001
80750857001
80800857001
80850858001
80900857001
80950857001
81000858001
81050858001
81100857001
81150857001
81200857001
81250857001
81300857001
81350858001
81400857001
81450857001
81500857001
81550857001
81600857001
81650857001
81700857001
81750858001
81800857001
81850858001
81900857001
81950857001
82000857001
82050857001
82100857001
82150857001
82200857001
82250857001
82300857001
82350857001
82400857001
82450857001
82500857001
82550857001
82600857001
82650857001
82700857001
82750857001
82800857001
82850857001
82900857001
82950857001
83000857001
83050857001
83100857001
83150857001
83200857001
83250857001
83300857001
83350857001
83400857001
83450857001
83500857001
83550857001
83600857001
83650857001
83700857001
83750857001
83800857001
83850857001
83900857001
83950857001
84000857001
84050857001
84100856001
84150857001
84200857001
84250857001
84300856001
84350857001
84400857001
84450857001
84500857001
84550857001
84600857000
84650857001
84700857000
84750856000
84800857001
84850857000
84900856001
84950856001
85000856000
85050856001
85100856001
85150856001
85200857000
85250856000
85300856001
85350856001
85400856001
85450856001
85500856000
85550857001
85600856001
85650856001
85700856001
85750856000
85800856001
85850856001
85900856001
85950856001
86000856000
86050856001
86100856001
86150856001
86200856001
86250856001
86300857001
86350857001
86400856001
86450856001
86500857001
86550856000
86600856001
86650856001
86700856001
86750856001
86800856000
86850857001
86900856001
86950856001
87000856001
87050857001
87100856001
87150856001
87200856001
87250856001
87300856001
87350856001
87400856001
87450856001
87500856001
87550856001
87600856001
87650856001
87700856001
87750856001
87800857001
87850856001
87900856001
87950856001
88000856001
88050856001
88100856001
88150856001
88200856001
88250856001
88300856001
88350856001
88400856001
88450856001
88500856001
88550856001
88600856001
88650856001
88700856001
88750856001
88800856001
88850856001
88900856001
88950856001
89000856001
89050856001
89100856001
89150856001
89200856001
89250856001
89300856001
89350856001
89400856001
89450856001
89500856001
89550856001
89600855001
89650856001
89700856001
89750856001
89800855001
89850856001
89900856001
89950856001
90000856001
90050856001
90100856001
90150856001
90200855001
90250855001
90300855001
90350856001
90400855001
90450856001
90500855001
90550855001
90600855001
90650855001
90700855001
90750855001
90800855001
90850856001
90900855001
90950855001
91000855001
91050856001
91100856001
91150855001
91200855001
91250855001
91300855001
91350855001
91400855001
91450855001
91500855001
91550855001
91600855001
91650855001
91700855001
91750855001
91800855001
91850855001
91900855001
91950855001
92000855001
92050855001
92100855001
92150855001
92200855001
92250855001
92300855001
92350855001
92400855001
92450855001
92500855001
92550855001
92600855001
92650855001
92700855001
92750855001
92800855001
92850855001
92900855001
92950855001
93000855001
93050855001
93100855001
93150855001
93200855001
93250855001
93300855001
93350855001
93400855001
93450855001
93500855001
93550855001
93600854001
93650855001
93700855001
93750855001
93800854001
93850855001
93900855001
93950855001
94000855001
94050855001
94100855001
94150855001
94200854001
94250854001
94300854001
94350855001
94400854001
94450854001
94500855001
94550854001
94600854001
94650855001
94700854001
94750854001
94800854001
94850855001
94900854001
94950854001
95000854001
95050854001
95100854001
95150854001
95200854001
95250854001
95300854001
95350855001
95400854001
95450854001
95500854001
95550854001
95600854001
95650854001
95700855001
95750854001
95800854001
95850854001
95900854001
95950854001
96000854001
96050854001
96100854001
96150854001
96200855001
96250854001
96300854001
96350854001
96400854001
96450854001
96500854001
96550854001
96600854001
96650854001
96700854001
96750854001
96800854001
96850854001
96900854001
96950854001
97000854001
97050854001
97100854001
97150854001
97200854001
97250854001
97300854001
97350854001
97400854001
97450854001
97500854001
97550854001
97600853001
97650854001
97700854001
97750854001
97800853001
97850854001
97900854001
97950854001
98000853001
98050854001
98100854001
98150854001
98200853001
98250853001
98300853001
98350854001
98400853001
98450853001
98500854001
98550854001
98600853001
98650853001
98700853001
98750853001
98800853001
98850854001
98900853001
98950853001
99000853001
99050853001
99100853001
99150853001
99200853001
99250854001
99300853001
99350854001
99400853001
99450853001
99500853001
99550853001
99600853001
99650853001
99700853001
99750853001
99800853001
99850853001
99900853001
99950853001
100000853001
100050853001
100100853001
100150853001
100200853001
100250853001
100300853001
100350853001
100400853001
100450853001
100500853001
100550853001
100600853001
100650853001
100700853001
100750853001
100800853001
100850853001
100900853001
100950853001
101000853001
101050853001
101100853001
101150853001
101200853001
101250853001
101300853001
101350853001
101400853001
101450853001
101500853001
101550853001
101600852001
101650853001
101700853001
101750853001
101800852001
101850853001
101900853001
101950853001
102000853001
102050853001
102100853000
102150853001
102200853000
102250852000
102300853001
102350853000
102400852001
102450852001
102500852000
102550852001
102600852001
102650852001
102700853000
102750852000
102800852001
102850852001
102900852001
102950852001
103000852000
103050853001
103100852001
103150852001
103200852001
103250852000
103300852001
103350852001
103400852001
103450852001
103500852000
103550852001
103600852001
103650852001
