16112953000
16162953000
16212954000
16262954000
16312953000
16362953000
16412954000
16462952999
16512953000
16562953000
16612953000
16662953000
16712952999
16762954000
16812953000
16862953000
16912953000
16962954000
17012953000
17062953000
17112953000
17162953000
17212953000
17262953000
17312953000
17362953000
17412953000
17462953000
17512953000
17562953000
17612953000
17662953000
17712954000
17762953000
17812953000
17862953000
17912953000
17962953000
18012953000
18062953000
18112953000
18162953000
18212953000
18262953000
18312953000
18362953000
18412953000
18462953000
18512953000
18562953000
18612953000
18662953000
18712953000
18762953000
18812953000
18862953000
18912953000
18962953000
19012953000
19062953000
19112953000
19162953000
19212953000
19262953000
19312953000
19362953000
19412953000
19462953000
19512952000
19562953000
19612953000
19662953000
19712952000
19762953000
19812953000
19862953000
19912953000
19962953000
20012953000
20062953000
20112952000
20162952000
20212952000
20262953000
20312952000
20362953000
20412952000
20462952000
20512952000
20562952000
20612952000
20662952000
20712952000
20762953000
20812952000
20862952000
20912952000
20962953000
21012953000
21062952000
21112952000
21162952000
21212952000
21262952000
21312952000
21362952000
21412952000
21462952000
21512952000
21562952000
21612952000
21662952000
21712952000
21762952000
21812952000
21862952000
21912952000
21962952000
22012952000
22062952000
22112952000
22162952000
22212952000
22262952000
22312952000
22362952000
22412952000
22462952000
22512952000
22562952000
22612952000
22662952000
22712952000
22762952000
22812952000
22862952000
22912952000
22962952000
23012952000
23062952000
23112952000
23162952000
23212952000
23262952000
23312952000
23362952000
23412952000
23462952000
23512951000
23562952000
23612952000
23662952000
23712951000
23762952000
23812952000
23862952000
23912952000
23962952000
24012952000
24062952000
24112951000
24162951000
24212951000
24262952000
24312951000
24362951000
24412952000
24462951000
24512951000
24562952000
24612951000
24662951000
24712951000
24762952000
24812951000
24862951000
24912951000
24962951000
25012951000
25062951000
25112951000
25162951000
25212951000
25262952000
25312951000
25362951000
25412951000
25462951000
25512951000
25562951000
25612952000
25662951000
25712951000
25762951000
25812951000
25862951000
25912951000
25962951000
26012951000
26062951000
26112952000
26162951000
26212951000
26262951000
26312951000
26362951000
26412951000
26462951000
26512951000
26562951000
26612951000
26662951000
26712951000
26762951000
26812951000
26862951000
26912951000
26962951000
27012951000
27062951000
27112951000
27162951000
27212951000
27262951000
27312951000
27362951000
27412951000
27462951000
27512950000
27562951000
27612951000
27662951000
27712950000
27762951000
27812951000
27862951000
27912950000
27962951000
28012951000
28062951000
28112950000
28162950000
28212950000
28262951000
28312950000
28362950000
28412951000
28462951000
28512950000
28562950000
28612950000
28662950000
28712950000
28762951000
28812950000
28862950000
28912950000
28962950000
29012950000
29062950000
29112950000
29162951000
29212950000
29262951000
29312950000
29362950000
29412950000
29462950000
29512950000
29562950000
29612950000
29662950000
29712950000
29762950000
29812950000
29862950000
29912950000
29962950000
30012950000
30062950000
30112950000
30162950000
30212950000
30262950000
30312950000
30362950000
30412950000
30462950000
30512950000
30562950000
30612950000
30662950000
30712950000
30762950000
30812950000
30862950000
30912950000
30962950000
31012950000
31062950000
31112950000
31162950000
31212950000
31262950000
31312950000
31362950000
31412950000
31462950000
31512949000
31562950000
31612950000
31662950000
31712949000
31762950000
31812950000
31862950000
31912950000
31962950000
32012949999
32062950000
32112949999
32162948999
32212950000
32262949999
32312949000
32362949000
32412948999
32462949000
32512949000
32562949000
32612949999
32662948999
32712949000
32762949000
32812949000
32862949000
32912948999
32962950000
33012949000
33062949000
33112949000
33162948999
33212949000
33262949000
33312949000
33362949000
33412948999
33462949000
33512949000
33562949000
